MP_Name eta e.eta f.eta Q_A p_Duese_rel p_Duese_abs p_amb H_tot M_Generator M_Lager M_mech P_hyd P_mech ku kcm n_rpm v_ME rho Masse_Aufgelegt Masse_Generator_Sensor Masse_Lager_Sensor phi psi T_Water n_ED Q_ED 
[] [%] [%] [%] [m^3/s] [Pa(r)] [Pa(a)] [Pa(a)] [m] [Nm] [Nm] [Nm] [W] [W] [-] [-] [rpm] [m/s] [kg/m^3] [kg] [kg] [kg] [-] [-] [°C] [-] [-] 
MP01 84.812186 0.172354 0.203218 0.035016 1166870.245291 1264180.531554 97310.286264 120.133941 225.247369 1.680644 226.928013 41201.230631 34943.664298 0.519815 0.685682 1470.454927 4.422922 998.827258 18.999977 3.970619 0.685564 0.276094 3.670136 18.196367 0.233999 0.009500 
MP02 85.081243 0.175663 0.206464 0.035046 1166774.726487 1264086.508556 97311.782069 120.126122 230.570389 1.697892 232.268281 41233.507591 35081.980756 0.509890 0.686288 1442.333139 4.426684 998.825281 18.999977 4.513458 0.692600 0.281716 3.814342 18.206771 0.229531 0.009508 
MP03 85.478536 0.173823 0.203353 0.035000 1166812.827002 1264124.794311 97311.967309 120.127436 235.949366 1.699299 237.648665 41180.530637 35200.514529 0.500027 0.685395 1414.441578 4.420949 998.825186 20.000139 4.061841 0.693174 0.286899 3.966387 18.207321 0.225091 0.009496 
MP04 85.460765 0.173403 0.202904 0.035053 1166724.100312 1264035.438070 97311.337759 120.121386 241.262622 1.675781 242.938403 41240.025686 35244.041512 0.489757 0.686437 1385.354481 4.427560 998.824965 20.000139 4.603683 0.683581 0.293361 4.134379 18.208384 0.220468 0.009510 
MP05 85.593417 0.172951 0.202061 0.035040 1166672.968447 1263983.913212 97310.944765 120.115750 246.549713 1.654843 248.204556 41223.352422 35284.475844 0.479927 0.686210 1357.517080 4.425988 998.822500 21.000010 4.142987 0.675040 0.299271 4.305500 18.221423 0.216043 0.009507 
MP06 85.665293 0.167817 0.195898 0.035019 1166693.813583 1264004.724279 97310.910696 120.116712 251.913789 1.647236 253.561024 41198.183766 35292.544913 0.469894 0.685783 1329.143466 4.423253 998.821932 21.999881 3.690141 0.671937 0.305470 4.491366 18.224469 0.211527 0.009501 
MP07 85.488775 0.167403 0.195819 0.035046 1166529.918685 1263837.631003 97307.712318 120.101672 256.989104 1.641575 258.630679 41224.964009 35242.716868 0.460061 0.686358 1301.249939 4.426688 998.820729 21.999881 4.207719 0.669628 0.312261 4.685331 18.230646 0.207100 0.009509 
MP08 85.307580 0.167115 0.195897 0.035045 1166630.422055 1263936.315607 97305.893552 120.111820 262.359584 1.616698 263.976282 41227.910735 35170.533086 0.449803 0.686320 1272.287985 4.426627 998.821447 23.000042 3.755236 0.659480 0.319365 4.901488 18.226952 0.202482 0.009509 
MP09 85.097687 0.172363 0.202547 0.035031 1166591.893405 1263900.009344 97308.115939 120.107142 267.520997 1.623055 269.144052 41209.963549 35068.725802 0.439898 0.686062 1244.246943 4.424874 998.821054 23.000042 4.281594 0.662073 0.326433 5.124736 18.228998 0.198024 0.009505 
MP10 84.761720 0.169595 0.200085 0.035061 1166481.022373 1263787.033490 97306.011117 120.097497 272.810560 1.645418 274.455978 41241.241484 34956.785454 0.430024 0.686665 1216.270510 4.428588 998.821069 23.999914 3.821149 0.671195 0.334221 5.362694 18.228780 0.193579 0.009513 
MP11 84.427856 0.166120 0.196759 0.035033 1166512.358505 1263815.030476 97302.671971 120.098998 278.008292 1.727077 279.735368 41208.946963 34791.830328 0.419915 0.686114 1187.685021 4.425061 998.821954 23.999914 4.351210 0.704505 0.341993 5.624088 18.224108 0.189028 0.009506 
MP12 85.022809 0.165011 0.194079 0.032030 1168330.598641 1265632.574387 97301.975746 120.121321 255.982058 1.807568 257.789626 37683.941810 32039.945988 0.419582 0.627251 1186.855157 4.045807 998.817845 21.999881 4.105021 0.737339 0.312901 5.640757 18.248137 0.188878 0.008690 
MP13 85.571524 0.175139 0.204670 0.032023 1168389.450414 1265691.488881 97302.038466 120.126926 251.290560 1.820111 253.110671 37677.255005 32241.001143 0.430010 0.627096 1216.380491 4.044899 998.818088 21.999881 3.626585 0.742456 0.305237 5.370512 18.246918 0.193573 0.008688 
MP14 85.831421 0.173785 0.202472 0.032012 1168194.200073 1265492.466623 97298.266550 120.106427 246.265896 1.802885 248.068782 37657.976616 32322.376576 0.439895 0.626936 1244.235401 4.043520 998.818050 21.000010 4.114043 0.735429 0.298302 5.131885 18.246876 0.198022 0.008686 
MP15 85.954125 0.172145 0.200275 0.032055 1168175.423991 1265472.603010 97297.179019 120.106909 241.504111 1.787176 243.291287 37707.996788 32411.578719 0.449770 0.627766 1272.169594 4.048881 998.816481 21.000010 3.628439 0.729021 0.292139 4.908917 18.255172 0.202468 0.008697 
MP16 86.216208 0.173961 0.201773 0.032051 1168242.814808 1265535.807607 97292.992799 120.113570 236.821213 1.777961 238.599175 37705.702846 32508.427058 0.459973 0.627675 1301.063225 4.048409 998.816692 20.000139 4.150751 0.725262 0.285618 4.693576 18.254123 0.207060 0.008696 
MP17 86.328580 0.173484 0.200958 0.032026 1168302.157208 1265588.092609 97285.935401 120.118331 231.865037 1.756957 233.621994 37678.176538 32527.034765 0.470032 0.627180 1329.542210 4.045293 998.816785 20.000139 3.645323 0.716694 0.279285 4.494884 18.253687 0.211589 0.008689 
MP18 86.229801 0.174972 0.202914 0.032048 1168219.712676 1265503.364145 97283.651469 120.111192 226.962521 1.749934 228.712455 37701.122854 32509.603185 0.479878 0.627618 1357.354338 4.048003 998.815442 18.999977 4.145529 0.713829 0.273745 4.312272 18.260698 0.216021 0.008695 
MP19 86.144254 0.178406 0.207101 0.032034 1168230.638726 1265512.836717 97282.197991 120.111580 222.053235 1.743488 223.796723 37684.964328 32463.431521 0.489722 0.627346 1385.198726 4.046254 998.815494 18.999977 3.644883 0.711199 0.268127 4.140688 18.260434 0.220452 0.008692 
MP20 86.046517 0.181278 0.210674 0.032008 1168073.947399 1265356.510547 97282.563148 120.094199 217.017317 1.732210 218.749527 37649.173225 32395.802312 0.500013 0.626886 1414.207056 4.042995 998.815818 18.000106 4.131194 0.706599 0.262415 3.972028 18.258527 0.225085 0.008685 
MP21 85.765146 0.178850 0.208535 0.032052 1168192.495677 1265475.853966 97283.358289 120.108538 212.332299 1.724135 214.056434 37704.828154 32337.600768 0.510027 0.627700 1442.616485 4.048487 998.816074 18.000106 3.653419 0.703305 0.257597 3.817513 18.257314 0.229593 0.008696 
MP22 85.383772 0.176830 0.207100 0.032038 1168142.460257 1265428.237691 97285.777434 120.102799 207.270321 1.712388 208.982708 37687.435546 32178.954009 0.519859 0.627456 1470.391393 4.046815 998.815574 16.999945 4.137362 0.698513 0.252627 3.674498 18.259910 0.234019 0.008693 
MP23 86.072874 0.182189 0.211668 0.029036 1169313.864185 1266597.819511 97283.955327 120.073324 189.189092 1.667776 190.856868 34147.177031 29391.456560 0.519985 0.568724 1470.566598 3.667571 998.814723 14.999912 4.293482 0.680315 0.228925 3.677309 18.265843 0.234076 0.007879 
MP24 86.490139 0.186125 0.215198 0.029061 1169345.695210 1266626.725851 97281.030641 120.077822 194.038531 1.663035 195.701566 34177.320871 29560.012194 0.510011 0.569195 1442.386637 3.670674 998.813993 16.000073 3.787864 0.678381 0.233595 3.822507 18.269742 0.229586 0.007886 
MP25 86.869977 0.186307 0.214467 0.029028 1169375.723715 1266652.565556 97276.841841 120.079216 198.568007 1.660191 200.228198 34139.726535 29657.172686 0.500117 0.568558 1414.411857 3.666589 998.815196 16.000073 4.249777 0.677221 0.237950 3.975306 18.263394 0.225132 0.007877 
MP26 86.880180 0.183573 0.211294 0.029050 1169296.820230 1266572.453470 97275.633241 120.072336 202.957667 1.658695 204.616362 34163.320073 29681.154100 0.489801 0.569001 1385.197846 3.669338 998.813963 16.000073 4.697432 0.676611 0.243150 4.144479 18.269830 0.220488 0.007883 
MP27 86.924690 0.181095 0.208335 0.029042 1169341.162244 1266615.992344 97274.830101 120.076847 207.244304 1.655804 208.900108 34154.854349 29689.001301 0.479875 0.568829 1357.151422 3.668302 998.810858 16.999945 4.134709 0.675432 0.248105 4.317723 18.286324 0.216020 0.007881 
MP28 86.979478 0.185286 0.213023 0.029052 1169409.873487 1266679.199691 97269.326204 120.084345 211.900869 1.657367 213.558237 34169.209145 29720.199893 0.469887 0.569015 1328.944310 3.669615 998.810926 18.000106 3.609422 0.676069 0.253462 4.503221 18.286035 0.211523 0.007883 
MP29 87.030764 0.179114 0.205806 0.029029 1169288.995796 1266558.889254 97269.893459 120.070765 216.354290 1.652315 218.006606 34137.852824 29710.434020 0.460174 0.568589 1301.399769 3.666658 998.812033 18.000106 4.063579 0.674009 0.258618 4.695372 18.280030 0.207151 0.007877 
MP30 86.720458 0.181546 0.209346 0.029039 1169324.540654 1266593.884270 97269.343616 120.075028 220.633736 1.647064 222.280800 34151.591034 29616.416302 0.449889 0.568788 1272.336354 3.668007 998.810955 18.000106 4.499995 0.671867 0.264623 4.912485 18.285777 0.202521 0.007880 
MP31 86.472774 0.181211 0.209559 0.029040 1169248.150033 1266517.246042 97269.096009 120.067237 224.981920 1.642669 226.624589 34149.679177 29530.174988 0.439995 0.568811 1244.315106 3.668040 998.810979 18.999977 3.943549 0.670074 0.270584 5.135893 18.285556 0.198067 0.007881 
MP32 86.154074 0.180674 0.209711 0.029030 1169243.376019 1266512.348533 97268.972515 120.066255 229.288732 1.654209 230.942941 34138.237496 29411.482242 0.430034 0.568628 1216.140081 3.666839 998.811368 18.999977 4.382755 0.674781 0.276763 5.376598 18.283491 0.193583 0.007878 
MP33 85.625504 0.173027 0.202074 0.029034 1169243.284293 1266516.389200 97273.104908 120.066512 233.590804 1.640194 235.230998 34143.366052 29235.429242 0.419667 0.568711 1186.823959 3.667384 998.810839 20.000139 3.821316 0.669064 0.283641 5.645500 18.286300 0.188917 0.007879 
MP34 86.093840 0.184943 0.214815 0.026038 1171215.600525 1268485.941330 97270.340805 120.133782 210.567465 1.588829 212.156294 30636.520697 26376.157120 0.419686 0.509872 1187.208461 3.288871 998.809568 16.999945 4.473603 0.648111 0.254284 5.651368 18.295419 0.188925 0.007064 
MP35 86.609604 0.189993 0.219367 0.026044 1171276.154561 1268542.901027 97266.746466 120.140192 206.778424 1.606842 208.385266 30645.014953 26541.526187 0.429948 0.509972 1216.270759 3.289607 998.809727 16.999945 4.087199 0.655459 0.248263 5.384797 18.294641 0.193544 0.007065 
MP36 86.998641 0.187048 0.215001 0.026046 1171171.691542 1268439.585418 97267.893876 120.129325 202.997739 1.582792 204.580531 30644.635347 26660.416352 0.439925 0.510034 1244.440131 3.289856 998.812104 16.999945 3.701647 0.645649 0.242662 5.143303 18.281938 0.198036 0.007066 
MP37 87.264423 0.189205 0.216818 0.026028 1171151.876611 1268423.062494 97271.185883 120.126919 198.994975 1.581825 200.576800 30623.702838 26723.597511 0.449775 0.509702 1272.288513 3.287684 998.809223 16.000073 4.293319 0.645254 0.237194 4.920541 18.297167 0.202470 0.007062 
MP38 87.559977 0.189954 0.216942 0.026021 1171129.401629 1268403.013443 97273.611815 120.124426 195.144124 1.571945 196.716069 30614.538355 26806.082760 0.460022 0.509566 1301.262452 3.286771 998.808319 16.000073 3.900612 0.641224 0.231848 4.703772 18.301928 0.207083 0.007060 
MP39 87.624821 0.193249 0.220541 0.026032 1171303.188108 1268578.872229 97275.684121 120.142780 191.262719 1.566707 192.829427 30631.676787 26840.951909 0.469869 0.509735 1329.217304 3.288113 998.806979 14.999912 4.504949 0.639088 0.227065 4.508677 18.309230 0.211515 0.007062 
MP40 87.374027 0.192651 0.220490 0.026039 1171338.980414 1268614.606442 97275.626028 120.146263 186.774926 1.561291 188.336217 30640.785203 26772.087945 0.479838 0.509862 1357.437311 3.288983 998.810847 14.999912 4.047287 0.636878 0.222403 4.323278 18.288814 0.216003 0.007064 
MP41 87.474243 0.193365 0.221054 0.026042 1171319.779834 1268596.976630 97277.196797 120.144422 183.255405 1.557924 184.813329 30643.938654 26805.553260 0.489599 0.509927 1385.041757 3.289371 998.810938 14.000041 4.688239 0.635505 0.217996 4.152597 18.288311 0.220397 0.007065 
MP42 87.442164 0.196993 0.225283 0.026034 1171199.510093 1268479.812098 97280.302005 120.131933 179.299689 1.535634 180.835322 30631.109422 26784.504910 0.500002 0.509793 1414.398349 3.288340 998.809803 14.000041 4.284837 0.626412 0.213405 3.981603 18.294180 0.225080 0.007063 
MP43 87.031931 0.194502 0.223483 0.026030 1171283.112932 1268562.521672 97279.408741 120.140293 174.997894 1.537555 176.535448 30629.451878 26657.403315 0.509733 0.509712 1441.973570 3.287932 998.810125 14.000041 3.846143 0.627196 0.209298 3.831049 18.292573 0.229460 0.007062 
MP44 86.508389 0.194251 0.224546 0.026048 1171262.681518 1268540.690341 97278.008823 120.139032 170.649590 1.534698 172.184288 30650.287025 26515.069658 0.519826 0.510067 1470.518984 3.290205 998.809607 12.999879 4.402867 0.626031 0.205377 3.683695 18.295286 0.234004 0.007067 
MP45 86.927702 0.204411 0.235151 0.023015 1172322.147846 1269596.804107 97274.656261 120.126154 151.379033 1.488010 152.867043 27077.745765 23538.062205 0.519803 0.450687 1470.375388 2.907017 998.809310 11.000137 4.437409 0.606986 0.181476 3.687749 18.298137 0.233994 0.006244 
MP46 87.455762 0.204790 0.234164 0.023012 1172413.439600 1269685.363112 97271.923512 120.135794 155.323919 1.484273 156.808192 27076.481704 23679.943375 0.509773 0.450614 1442.059877 2.906658 998.805763 12.000008 3.839835 0.605461 0.185016 3.834304 18.316990 0.229478 0.006243 
MP47 87.682264 0.213058 0.242989 0.023039 1172341.723863 1269610.948575 97269.224712 120.129204 159.011710 1.469356 160.481066 27106.657241 23767.730836 0.499966 0.451152 1414.279684 2.910051 998.808048 12.000008 4.215914 0.599376 0.188871 3.986162 18.304819 0.225064 0.006250 
MP48 87.871991 0.204155 0.232332 0.023017 1172306.565106 1269574.560740 97267.995634 120.124750 162.588710 1.460085 164.048795 27080.051119 23795.780011 0.489679 0.450734 1385.154709 2.907301 998.808453 12.000008 4.580694 0.595595 0.192660 4.155428 18.302633 0.220433 0.006245 
MP49 87.974781 0.201472 0.229011 0.023006 1172417.427608 1269684.369645 97266.942037 120.135732 166.125060 1.464949 167.590009 27069.863623 23814.653360 0.479690 0.450503 1356.961487 2.905943 998.807913 12.999879 3.941458 0.597579 0.196571 4.330306 18.305623 0.215937 0.006241 
MP50 87.868717 0.199500 0.227043 0.023025 1172281.005573 1269545.057440 97264.051867 120.122612 169.520857 1.460359 170.981216 27089.322180 23803.039825 0.469973 0.450901 1329.399172 2.908352 998.807121 12.999879 4.287760 0.595706 0.200812 4.511206 18.309635 0.211562 0.006247 
MP51 87.850662 0.203495 0.231637 0.023016 1172229.240158 1269489.047403 97259.807245 120.116999 173.115631 1.454686 174.570317 27077.629512 23787.876879 0.460028 0.450738 1301.237781 2.907233 998.807084 12.999879 4.654353 0.593392 0.205080 4.708374 18.309756 0.207085 0.006245 
MP52 87.527116 0.197545 0.225695 0.023034 1172255.951599 1269513.992240 97258.040641 120.120422 176.574861 1.449904 178.024765 27099.178967 23719.129936 0.449791 0.451077 1272.300552 2.909464 998.806806 14.000041 4.006961 0.591441 0.209905 4.925098 18.311254 0.202477 0.006249 
MP53 87.318777 0.198953 0.227846 0.022990 1172363.524767 1269622.668202 97259.143435 120.130197 179.811174 1.449631 181.260805 27049.254616 23619.078356 0.439880 0.450193 1244.315251 2.903879 998.803073 14.000041 4.336998 0.591330 0.214214 5.149617 18.331109 0.198015 0.006237 
MP54 86.963475 0.196595 0.226066 0.023018 1172247.064850 1269506.618119 97259.553269 120.118763 183.432207 1.459990 184.892197 27079.737582 23549.480784 0.429990 0.450763 1216.281597 2.907414 998.808001 14.000041 4.706269 0.595556 0.219418 5.389174 18.304933 0.193563 0.006245 
MP55 86.332073 0.187239 0.216883 0.023009 1172279.661681 1269540.411600 97260.749918 120.121301 186.553226 1.453414 188.006640 27070.458477 23370.488040 0.419648 0.450592 1187.041701 2.906344 998.811945 14.999912 4.024678 0.592873 0.224740 5.658078 18.284108 0.188908 0.006243 
MP56 86.444800 0.198216 0.229298 0.020028 1173574.044487 1270838.158440 97264.113953 120.149100 162.356576 1.400946 163.757523 23568.734493 20373.945354 0.419966 0.392169 1188.078836 2.529806 998.811840 12.000008 4.557022 0.571471 0.195452 5.654441 18.286247 0.189051 0.005433 
MP57 86.904725 0.209444 0.241004 0.020015 1173567.467952 1270833.574026 97266.106074 120.148105 159.286549 1.413100 160.699648 23552.363741 20468.116981 0.429938 0.391902 1216.282185 2.528073 998.810805 12.000008 4.243942 0.576428 0.190789 5.395224 18.291720 0.193540 0.005430 
MP58 87.297270 0.217826 0.249522 0.020031 1173492.913980 1270759.903121 97266.989141 120.141102 156.506133 1.400408 157.906540 23570.798824 20576.663795 0.439876 0.392243 1244.360523 2.530200 998.810308 12.000008 3.960397 0.571251 0.186641 5.154166 18.294259 0.198014 0.005434 
MP59 87.839643 0.212027 0.241380 0.020005 1173499.993941 1270767.628108 97267.634166 120.140719 153.796081 1.397394 155.193475 23540.158465 20677.591126 0.449762 0.391735 1272.324431 2.526914 998.812461 11.000137 4.683898 0.570022 0.182302 4.930112 18.282876 0.202464 0.005427 
MP60 87.988109 0.212283 0.241264 0.020014 1173607.535113 1270874.630268 97267.095155 120.151811 150.692265 1.388325 152.080590 23552.843040 20723.701290 0.459970 0.391891 1301.262506 2.528038 998.813943 11.000137 4.367373 0.566322 0.178327 4.713699 18.275160 0.207059 0.005429 
MP61 88.089236 0.209368 0.237678 0.020018 1173498.573256 1270762.816704 97264.243447 120.140890 147.674901 1.383154 149.058055 23554.511752 20748.989352 0.469891 0.391972 1329.269010 2.528449 998.813122 9.999975 5.059826 0.564213 0.174599 4.516749 18.279368 0.211525 0.005431 
MP62 88.088465 0.214072 0.243020 0.020023 1173417.762724 1270682.933901 97265.171178 120.133744 144.574499 1.378684 145.953182 23559.619989 20753.307593 0.480001 0.392095 1357.829175 2.529168 998.805455 9.999975 4.743649 0.562390 0.170975 4.328474 18.319820 0.216076 0.005432 
MP63 88.108261 0.217557 0.246920 0.020003 1173520.000857 1270782.578099 97262.577242 120.143202 141.587369 1.372924 142.960293 23538.027890 20738.946966 0.489692 0.391689 1385.296231 2.526644 998.808211 9.999975 4.439023 0.560040 0.167417 4.158881 18.305373 0.220439 0.005427 
MP64 87.879862 0.228466 0.259976 0.020006 1173526.743778 1270785.111176 97258.367397 120.143755 138.326653 1.363799 139.690452 23541.646336 20688.366372 0.499931 0.391745 1414.265209 2.527016 998.810136 9.999975 4.106497 0.556318 0.164012 3.990265 18.295191 0.225048 0.005427 
MP65 87.414452 0.218997 0.250527 0.020032 1173438.243201 1270690.474086 97252.230885 120.135600 135.021555 1.363001 136.384556 23570.853891 20604.332807 0.509986 0.392271 1442.662507 2.530323 998.809904 9.000104 4.769316 0.555992 0.160994 3.834434 18.296296 0.229574 0.005435 
MP66 87.065541 0.220223 0.252939 0.020010 1173383.382570 1270635.534428 97252.151859 120.129178 131.766548 1.358852 133.125400 23543.272907 20498.077821 0.519791 0.391844 1470.359707 2.527496 998.810662 9.000104 4.437372 0.554300 0.157785 3.691161 18.292216 0.233988 0.005429 
MP67 86.571295 0.243523 0.281298 0.017025 1173874.988688 1271123.513423 97248.524735 120.089508 111.281293 1.309602 112.590894 20024.117672 17335.138077 0.519843 0.333438 1470.264322 2.150407 998.809990 7.000071 4.348331 0.534210 0.134253 3.693189 18.296365 0.234012 0.004620 
MP68 87.160527 0.243652 0.279543 0.017006 1173944.632124 1271194.430289 97249.798166 120.096259 114.151126 1.305836 115.456963 20003.862199 17435.471629 0.509859 0.333073 1442.065387 2.148114 998.808792 7.000071 4.640995 0.532674 0.136732 3.839271 18.302783 0.229517 0.004615 
MP69 87.409645 0.246045 0.281484 0.017019 1173919.791465 1271171.038007 97251.246541 120.094781 116.842848 1.303454 118.146302 20018.608377 17498.194582 0.500048 0.333326 1414.309609 2.149736 998.802942 7.999943 3.915623 0.531702 0.139521 3.991379 18.333667 0.225101 0.004618 
MP70 87.690741 0.236308 0.269479 0.017018 1173838.426311 1271091.763885 97253.337574 120.086166 119.688762 1.302020 120.990783 20015.860209 17552.056084 0.489813 0.333316 1385.310397 2.149590 998.805237 7.999943 4.205848 0.531117 0.142432 4.159936 18.321455 0.220493 0.004618 
MP71 87.786044 0.234917 0.267602 0.017023 1173871.415643 1271124.374691 97252.959047 120.090153 122.343950 1.300978 123.644928 20022.001975 17576.523524 0.479959 0.333403 1357.463170 2.150187 998.801169 7.999943 4.476622 0.530692 0.145394 4.332502 18.342972 0.216057 0.004619 
MP72 87.845807 0.244160 0.277941 0.017018 1173932.494438 1271185.350568 97252.856129 120.096368 125.035359 1.303702 126.339061 20017.765663 17584.767776 0.469932 0.333307 1329.138914 2.149623 998.800317 7.999943 4.751090 0.531803 0.148454 4.519361 18.347538 0.211544 0.004618 
MP73 87.805998 0.234231 0.266760 0.017023 1174016.986603 1271268.263138 97251.276535 120.105048 127.732676 1.302157 129.034833 20024.099141 17582.360116 0.460035 0.333376 1301.192616 2.150147 998.800824 9.000104 4.026000 0.531173 0.151679 4.715912 18.344961 0.207088 0.004619 
MP74 87.585230 0.234828 0.268113 0.017011 1173905.030976 1271155.153101 97250.122125 120.093254 130.222248 1.301086 131.523334 20007.938512 17523.999025 0.449855 0.333156 1272.335932 2.148622 998.801066 9.000104 4.279885 0.530736 0.155009 4.931781 18.343545 0.202506 0.004616 
MP75 87.302156 0.229521 0.262904 0.016992 1173915.027820 1271161.237379 97246.209558 120.093610 132.601425 1.298835 133.900260 19986.484277 17448.631648 0.439968 0.332796 1244.375173 2.146309 998.802384 9.000104 4.522512 0.529818 0.158322 5.155939 18.336595 0.198055 0.004611 
MP76 86.747717 0.236321 0.272423 0.017001 1173879.421322 1271124.393404 97244.972082 120.090209 134.886930 1.304055 136.190985 19996.556251 17346.555967 0.430043 0.332978 1216.287607 2.147451 998.802513 9.999975 3.755716 0.531947 0.162064 5.396655 18.335867 0.193587 0.004613 
MP77 86.175818 0.223164 0.258964 0.017002 1173890.926516 1271134.941833 97244.015317 120.091453 137.403650 1.306553 138.710203 19997.492787 17233.002961 0.419467 0.332989 1186.380332 2.147530 998.802084 9.999975 4.012370 0.532966 0.166155 5.672229 18.338143 0.188826 0.004613 
MP78 85.657846 0.240142 0.280351 0.013996 1174627.166399 1271873.399949 97246.233550 120.090943 112.172035 1.257940 113.429975 16461.805446 14100.828027 0.419723 0.274116 1187.102342 1.767842 998.801076 7.000071 4.439168 0.513136 0.136696 5.668891 18.344361 0.188942 0.003798 
MP79 86.187163 0.259032 0.300546 0.013983 1174615.193375 1271861.472497 97246.279122 120.089421 110.026322 1.272409 111.298731 16446.272375 14174.575616 0.430000 0.273863 1216.161455 1.766196 998.801100 7.000071 4.220350 0.519038 0.133305 5.401166 18.344218 0.193568 0.003794 
MP80 86.721616 0.264337 0.304811 0.013969 1174626.884524 1271872.508781 97245.624257 120.090572 108.079280 1.263122 109.342402 16429.683234 14248.086864 0.439961 0.273583 1244.340759 1.764402 998.798770 5.999910 5.021952 0.515250 0.130154 5.159370 18.356517 0.198052 0.003790 
MP81 86.862959 0.265183 0.305289 0.013985 1174637.109451 1271880.036010 97242.926559 120.092224 105.978214 1.266290 107.244504 16448.943484 14288.039075 0.449822 0.273899 1272.239773 1.766449 998.796770 5.999910 4.807687 0.516542 0.127448 4.935623 18.367067 0.202491 0.003795 
MP82 87.034952 0.270754 0.311086 0.013979 1174683.825229 1271928.243965 97244.418737 120.096767 103.785401 1.265488 105.050889 16443.111631 14311.254370 0.459953 0.273786 1300.916284 1.765755 998.797619 5.999910 4.584065 0.516215 0.124589 4.720610 18.362651 0.207052 0.003793 
MP83 87.138363 0.272218 0.312398 0.013957 1174547.692986 1271789.858090 97242.165103 120.082419 101.514080 1.262710 102.776790 16415.412237 14304.121463 0.469924 0.273374 1329.038371 1.762992 998.797212 5.999910 4.352437 0.515082 0.121762 4.522428 18.364626 0.211540 0.003787 
MP84 86.991649 0.273264 0.314127 0.013980 1174640.573704 1271882.494935 97241.921231 120.092468 99.362873 1.263122 100.625996 16443.427376 14304.408555 0.479958 0.273806 1357.472678 1.765853 998.796792 5.999910 4.133058 0.515250 0.119405 4.335299 18.366950 0.216057 0.003793 
MP85 86.610280 0.270271 0.312054 0.013996 1174562.251457 1271803.440527 97241.189070 120.084796 97.034541 1.261465 98.296007 16461.560954 14257.404008 0.489735 0.274134 1385.083527 1.767913 998.797176 5.000039 4.895487 0.514574 0.117161 4.163899 18.364829 0.220458 0.003798 
MP86 86.369663 0.278989 0.323017 0.013998 1174565.814689 1271806.802557 97240.987869 120.085276 94.743400 1.257676 96.001077 16462.967862 14219.009822 0.500091 0.274156 1414.375196 1.768058 998.796432 5.000039 4.661838 0.513028 0.114744 3.993231 18.368756 0.225120 0.003798 
MP87 86.109414 0.272489 0.316445 0.013989 1174602.869288 1271843.199252 97240.329963 120.089069 92.546843 1.256851 93.803694 16453.526618 14168.035364 0.509963 0.273987 1442.318162 1.766992 998.794743 5.000039 4.437834 0.512692 0.112453 3.840131 18.377692 0.229564 0.003796 
MP88 85.606958 0.277015 0.323589 0.013985 1174577.223056 1271816.703405 97239.480350 120.086502 90.191490 1.260017 91.451508 16448.071866 14080.693973 0.519861 0.273905 1470.295312 1.766446 998.793497 5.000039 4.197637 0.513983 0.110280 3.695303 18.384219 0.234020 0.003795 
MP89 83.893974 0.329231 0.392437 0.010981 1175375.909871 1272614.523631 97238.613760 120.107147 69.163506 1.224774 70.388281 12917.519937 10837.020836 0.519788 0.215056 1470.215282 1.387044 998.792637 2.000135 5.053119 0.499607 0.086598 3.698222 18.389709 0.233987 0.002979 
MP90 84.223913 0.328622 0.390177 0.011005 1175369.928117 1272610.443837 97240.515720 120.106796 70.968741 1.217382 72.186123 12945.729902 10903.400232 0.509947 0.215527 1442.379753 1.390075 998.794051 3.000006 4.237345 0.496592 0.088462 3.842313 18.382262 0.229557 0.002986 
MP91 84.441903 0.326366 0.386498 0.011021 1175448.000711 1272689.114677 97241.113966 120.114917 72.706057 1.213299 73.919355 12964.751525 10947.682909 0.499996 0.215821 1414.280069 1.392022 998.795103 3.000006 4.414516 0.494926 0.090346 3.996774 18.376822 0.225077 0.002990 
MP92 84.921312 0.325355 0.383125 0.011008 1175265.854203 1272505.099813 97239.245610 120.096659 74.600461 1.208656 75.809117 12948.331359 10995.892876 0.489716 0.215598 1385.097815 1.390477 998.790449 3.000006 4.607706 0.493032 0.092147 4.166335 18.401089 0.220450 0.002987 
MP93 85.263433 0.325594 0.381868 0.011004 1175251.435594 1272491.275260 97239.839667 120.094891 76.435977 1.204810 77.640787 12942.851105 11035.519189 0.479890 0.215511 1357.294917 1.389906 998.792238 3.000006 4.794891 0.491463 0.093996 4.338709 18.391658 0.216026 0.002986 
MP94 85.368916 0.318997 0.373669 0.011001 1175237.453781 1272475.671605 97238.217823 120.093481 78.146162 1.203338 79.349501 12938.866936 11045.770457 0.469995 0.215449 1329.300593 1.389496 998.791614 3.000006 4.969294 0.490863 0.095947 4.523324 18.394922 0.211572 0.002985 
MP95 85.409511 0.308916 0.361688 0.010994 1175267.808345 1272506.776710 97238.968365 120.095713 79.839415 1.203014 81.042429 12931.399823 11044.645313 0.460126 0.215317 1301.399715 1.388659 998.797847 3.999877 4.142100 0.490731 0.097945 4.719448 18.362142 0.207129 0.002983 
MP96 85.350220 0.313508 0.367319 0.011001 1175303.666779 1272539.105531 97235.438752 120.099663 81.694158 1.197519 82.891678 12939.593672 11043.971726 0.449826 0.215443 1272.288901 1.389495 998.796425 3.999877 4.331246 0.488489 0.100247 4.938044 18.369670 0.202493 0.002985 
MP97 85.168710 0.305794 0.359045 0.010993 1175337.812286 1272569.523891 97231.711605 120.102603 83.316051 1.196259 84.512309 12930.838883 11013.028690 0.439958 0.215289 1244.394786 1.388517 998.799816 3.999877 4.496646 0.487975 0.102422 5.162039 18.351831 0.198051 0.002983 
MP98 84.959862 0.294338 0.346443 0.011003 1175308.195480 1272539.023600 97230.828120 120.099983 85.130983 1.206973 86.337956 12942.426368 10995.867634 0.429989 0.215489 1216.183544 1.389794 998.797961 3.999877 4.681731 0.492346 0.104894 5.404173 18.361571 0.193563 0.002985 
MP99 84.525552 0.289338 0.342309 0.011001 1175499.160308 1272727.661200 97228.500892 120.119662 86.773978 1.195771 87.969750 12942.049622 10939.338943 0.419809 0.215430 1187.487657 1.389528 998.796139 3.999877 4.849283 0.487776 0.107408 5.669446 18.371396 0.188980 0.002985 
