MP_Name eta e.eta f.eta Q_A p_Duese_rel p_Duese_abs p_amb H_tot M_Generator M_Lager M_mech P_hyd P_mech ku kcm n_rpm v_ME rho Masse_Aufgelegt Masse_Generator_Sensor Masse_Lager_Sensor phi psi T_Water n_ED Q_ED 
[] [%] [%] [%] [m^3/s] [Pa(r)] [Pa(a)] [Pa(a)] [m] [Nm] [Nm] [Nm] [W] [W] [-] [-] [rpm] [m/s] [kg/m^3] [kg] [kg] [kg] [-] [-] [°C] [-] [-] 
MP01 83.844404 0.161368 0.192461 0.035080 1167213.001916 1263329.712202 96116.710286 120.181496 223.143767 1.621898 224.765665 41289.320082 34618.784325 0.519833 0.686792 1470.798660 4.430957 998.752394 18.499896 4.256176 0.661601 0.276531 3.669773 18.587781 0.234007 0.009515 
MP02 84.274272 0.163466 0.193969 0.035042 1166992.302152 1263114.881531 96122.579379 120.157383 228.418746 1.636038 230.054784 41236.751491 34751.972132 0.509887 0.686127 1442.512443 4.426224 998.747705 18.499896 4.794115 0.667369 0.281652 3.814402 18.611917 0.229530 0.009506 
MP03 84.544730 0.169073 0.199980 0.035033 1167000.223614 1263121.263062 96121.039448 120.157401 233.657789 1.639697 235.297486 41226.118681 34854.510782 0.499997 0.685949 1414.533006 4.425072 998.749979 19.500058 4.328228 0.668862 0.287148 3.966810 18.600100 0.225078 0.009503 
MP04 84.719417 0.163110 0.192529 0.035046 1166924.927039 1263046.794720 96121.867681 120.150759 239.150779 1.659090 240.809869 41238.519634 34937.033541 0.489722 0.686214 1385.425340 4.426660 998.747216 19.500058 4.888400 0.676772 0.293287 4.134990 18.614376 0.220452 0.009507 
MP05 84.852552 0.164334 0.193670 0.035039 1166906.504090 1263028.048185 96121.544095 120.148430 244.333408 1.676563 246.009971 41229.829069 34984.562061 0.480027 0.686089 1357.985443 4.425811 998.747758 20.499929 4.417050 0.683900 0.299155 4.303714 18.611535 0.216088 0.009505 
MP06 84.933074 0.158509 0.186628 0.035036 1166864.882267 1262986.911853 96122.029585 120.144125 249.808731 1.681708 251.490439 41225.314761 35013.926908 0.469969 0.686051 1329.507291 4.425488 998.746993 21.500091 3.975259 0.685998 0.305541 4.489903 18.615465 0.211560 0.009505 
MP07 84.801666 0.157741 0.186011 0.035041 1166790.874637 1262912.636516 96121.761878 120.137357 254.868922 1.705604 256.574526 41227.802030 34961.863038 0.459984 0.686154 1301.225048 4.426025 998.742412 21.500091 4.491294 0.695746 0.312220 4.686926 18.639160 0.207066 0.009506 
MP08 84.568286 0.155515 0.183893 0.035064 1166846.149886 1262969.097691 96122.947804 120.144213 260.193046 1.699000 261.892047 41258.063667 34891.237153 0.449721 0.686598 1272.229440 4.429016 998.743575 22.499962 4.034374 0.693052 0.319552 4.903228 18.633194 0.202446 0.009512 
MP09 84.326288 0.157532 0.186812 0.035069 1166912.340620 1263036.703442 96124.362822 120.151460 265.364926 1.687215 267.052141 41265.974440 34798.064530 0.439841 0.686668 1244.315203 4.429606 998.741717 22.499962 4.561799 0.688245 0.326764 5.125988 18.642914 0.197998 0.009513 
MP10 84.154348 0.157521 0.187181 0.035043 1166918.962468 1263042.682885 96123.720417 120.150695 270.724255 1.681996 272.406251 41235.737986 34701.666519 0.430003 0.686172 1216.479079 4.426389 998.741617 23.500123 4.108180 0.686116 0.333998 5.363294 18.643442 0.193569 0.009506 
MP11 83.724397 0.155954 0.186271 0.035061 1166680.215305 1262805.511115 96125.295810 120.127258 275.923564 1.701569 277.625132 41248.441107 34535.008397 0.419934 0.686584 1187.878903 4.428614 998.742153 23.500123 4.638402 0.694100 0.342212 5.623510 18.640381 0.189037 0.009512 
MP12 84.374002 0.161169 0.191017 0.032046 1168526.548375 1264645.973527 96119.425152 120.151308 253.952329 1.865271 255.817600 37709.171199 31816.736755 0.419819 0.627485 1187.672213 4.047816 998.741231 21.500091 4.397820 0.760877 0.312841 5.634375 18.647345 0.188985 0.008693 
MP13 84.781196 0.164399 0.193910 0.032047 1168539.509768 1264658.733217 96119.223449 120.152238 249.149611 1.878401 251.028012 37709.843588 31970.856500 0.429900 0.627486 1216.195707 4.047843 998.744622 21.500091 3.908042 0.766233 0.305506 5.373229 18.629764 0.193523 0.008693 
MP14 85.034693 0.169502 0.199332 0.032064 1168526.475206 1264646.221345 96119.746139 120.152075 244.213941 1.880738 246.094678 37730.281869 32083.829310 0.440068 0.627829 1244.959881 4.050051 998.742478 20.499929 4.404867 0.767186 0.298610 5.127760 18.640876 0.198100 0.008698 
MP15 85.342864 0.160435 0.187989 0.032032 1168432.800496 1264550.980921 96118.180425 120.141215 239.545441 1.868505 241.413946 37688.927782 32164.810402 0.449753 0.627228 1272.301454 4.045991 998.739287 20.499929 3.928776 0.762196 0.291900 4.909360 18.657309 0.202460 0.008690 
MP16 85.591937 0.163802 0.191376 0.032015 1168520.058372 1264638.189099 96118.130726 120.149341 234.676688 1.861162 236.537850 37671.680381 32243.920980 0.460137 0.626878 1301.723021 4.043869 998.738517 19.500058 4.432135 0.759201 0.285153 4.690299 18.661405 0.207135 0.008685 
MP17 85.456564 0.162636 0.190314 0.032065 1168515.913219 1264636.289536 96120.376318 120.151257 229.775676 1.853133 231.628809 37731.590870 32244.120973 0.469888 0.627858 1329.319421 4.050225 998.740895 19.500058 3.932332 0.755926 0.279672 4.497555 18.649078 0.211524 0.008699 
MP18 85.507049 0.167423 0.195800 0.032031 1168366.249547 1264488.836554 96122.587006 120.134343 224.828437 1.847988 226.676425 37686.022790 32224.205878 0.479892 0.627233 1357.523172 4.045909 998.739645 18.499896 4.427978 0.753827 0.273570 4.312068 18.655384 0.216027 0.008690 
MP19 85.288042 0.167903 0.196865 0.032051 1168282.716476 1264406.105259 96123.388783 120.126826 219.776158 1.832330 221.608488 37706.808570 32159.398681 0.489894 0.627638 1385.775604 4.048393 998.739751 18.499896 3.912749 0.747440 0.268157 4.137740 18.654735 0.220530 0.008696 
MP20 85.156084 0.167847 0.197106 0.032073 1168494.324382 1264617.112311 96122.787930 120.149499 215.193381 1.807915 217.001296 37740.121845 32138.009728 0.499916 0.628014 1414.256005 4.051202 998.740537 17.500025 4.445271 0.737481 0.262939 3.973482 18.650912 0.225041 0.008701 
MP21 84.943550 0.167234 0.196876 0.032033 1168489.433740 1264613.487643 96124.053903 120.146843 210.212141 1.793352 212.005493 37691.721999 32016.686888 0.509770 0.627229 1442.117531 4.046094 998.740939 17.500025 3.937287 0.731540 0.257534 3.821413 18.648825 0.229477 0.008690 
MP22 84.548946 0.165664 0.195938 0.032046 1168358.496237 1264479.022886 96120.526649 120.134311 205.245091 1.777670 207.022761 37703.869466 31878.224262 0.519809 0.627530 1470.440332 4.047825 998.739907 16.499864 4.430911 0.725143 0.252681 3.675211 18.654010 0.233996 0.008694 
MP23 85.243016 0.174662 0.204898 0.029051 1170590.385420 1266713.379888 96122.994468 120.213361 187.654660 1.726187 189.380847 34202.599391 29155.327284 0.519525 0.568695 1470.121569 3.669520 998.739733 14.500121 4.636792 0.704142 0.229116 3.683829 18.657575 0.233868 0.007879 
MP24 85.710812 0.172359 0.201093 0.029066 1170384.954491 1266507.657782 96122.703291 120.193086 192.423364 1.690979 194.114343 34213.837550 29324.957914 0.509848 0.569026 1442.617360 3.671346 998.739583 15.499993 4.123230 0.689780 0.233600 3.824966 18.658108 0.229512 0.007884 
MP25 85.960849 0.177048 0.205963 0.029061 1170463.373131 1266579.968062 96116.594931 120.201101 196.853311 1.665836 198.519148 34209.867226 29407.092327 0.499915 0.568904 1414.558997 3.670683 998.737439 15.499993 4.574994 0.679524 0.238191 3.978485 18.669292 0.225041 0.007882 
MP26 86.152366 0.177202 0.205684 0.029049 1170448.035967 1266562.807631 96114.771664 120.198860 201.446243 1.639868 203.086110 34195.342188 29460.096307 0.489559 0.568678 1385.240953 3.669189 998.738408 15.499993 5.043378 0.668931 0.243133 4.148615 18.664250 0.220379 0.007879 
MP27 86.221066 0.171259 0.198628 0.029054 1170396.155935 1266507.159733 96111.003798 120.193844 205.829176 1.622783 207.451959 34200.002319 29487.606609 0.479713 0.568791 1357.354748 3.669843 998.738105 16.499864 4.490476 0.661962 0.248172 4.320638 18.665749 0.215947 0.007880 
MP28 86.270679 0.172430 0.199871 0.029070 1170479.079145 1266591.079824 96112.000678 120.203164 210.418252 1.610701 212.028953 34221.655858 29523.254760 0.469907 0.569086 1329.659520 3.671885 998.737368 17.500025 3.958306 0.657033 0.253482 4.502822 18.669668 0.211533 0.007884 
MP29 86.185996 0.171840 0.199383 0.029069 1170500.841642 1266611.651127 96110.809485 120.205336 214.846659 1.602948 216.449606 34221.137768 29493.828361 0.459847 0.569062 1301.205020 3.671763 998.737398 17.500025 4.409913 0.653871 0.259017 4.701997 18.669538 0.207004 0.007884 
MP30 86.037309 0.172734 0.200766 0.029044 1170363.187541 1266473.188520 96110.000979 120.189957 219.087240 1.598560 220.685801 34187.412148 29413.929406 0.449827 0.568609 1272.770313 3.668609 998.738596 17.500025 4.842365 0.652081 0.264576 4.913852 18.663163 0.202493 0.007878 
MP31 85.591286 0.175694 0.205270 0.029073 1170459.373987 1266571.132044 96111.758057 120.201036 223.232016 1.592997 224.825013 34224.598850 29293.274316 0.439714 0.569148 1244.212826 3.672258 998.739498 18.499896 4.265176 0.649812 0.270918 5.142427 18.658611 0.197941 0.007885 
MP32 85.507573 0.180383 0.210955 0.029050 1170391.309587 1266504.896117 96113.586529 120.193357 227.807421 1.598763 229.406184 34195.650892 29239.871158 0.430161 0.568723 1217.143309 3.669397 998.736644 18.499896 4.731773 0.652164 0.276727 5.373411 18.673318 0.193641 0.007879 
MP33 85.010804 0.162719 0.191410 0.029063 1170399.499936 1266512.754931 96113.254996 120.194792 232.223445 1.591361 233.814806 34211.271873 29083.277186 0.419787 0.568973 1187.798344 3.671029 998.736745 19.500058 4.181954 0.649144 0.283690 5.642233 18.672802 0.188971 0.007883 
MP34 85.651012 0.172775 0.201720 0.026006 1171551.645961 1267664.467975 96112.822014 120.175627 209.211849 1.557988 210.769837 30607.837428 26215.922491 0.419807 0.509166 1187.758278 3.284891 998.735521 16.499864 4.835439 0.635531 0.253859 5.648175 18.680507 0.188979 0.007054 
MP35 86.080855 0.177240 0.205899 0.026009 1171550.463717 1267660.174099 96109.710382 120.175933 205.317607 1.563679 206.881286 30610.440393 26349.728782 0.429880 0.509209 1216.259720 3.285171 998.732744 16.499864 4.438307 0.637852 0.247931 5.386571 18.694871 0.193514 0.007055 
MP36 86.244760 0.186645 0.216413 0.026053 1171562.119705 1267669.511848 96107.392142 120.178852 201.334212 1.551165 202.885377 30663.805387 26445.925282 0.439942 0.510077 1244.742169 3.290814 998.734104 16.499864 4.032082 0.632748 0.242674 5.142923 18.687842 0.198043 0.007067 
MP37 86.373803 0.183649 0.212621 0.026086 1171591.370646 1267701.629762 96110.259116 120.183751 197.484778 1.537342 199.022121 30703.141354 26519.470679 0.449719 0.510703 1272.432883 3.294916 998.729635 15.499993 4.639390 0.627109 0.237689 4.921662 18.710993 0.202445 0.007075 
MP38 86.633442 0.182692 0.210879 0.026061 1171591.686480 1267700.813761 96109.127281 120.182782 193.371518 1.525469 194.896986 30673.500835 26573.509455 0.460176 0.510216 1302.012556 3.291763 998.729157 15.499993 4.219922 0.622266 0.232067 4.700581 18.713462 0.207152 0.007069 
MP39 86.733694 0.186449 0.214967 0.026026 1171449.768097 1267559.890049 96110.121952 120.166660 189.301362 1.519983 190.821346 30628.955956 26565.624802 0.469896 0.509577 1329.426902 3.287419 998.730606 14.500121 4.804722 0.620028 0.226981 4.508164 18.705803 0.211528 0.007060 
MP40 86.747340 0.185681 0.214048 0.026040 1171526.357886 1267635.750509 96109.392622 120.175326 185.472723 1.517291 186.990015 30647.394332 26585.799484 0.479871 0.509829 1357.696477 3.289168 998.728444 14.500121 4.414280 0.618930 0.222373 4.322675 18.717067 0.216018 0.007063 
MP41 86.690634 0.185237 0.213675 0.026042 1171542.290440 1267651.156162 96108.865722 120.177011 181.659228 1.512438 183.171666 30650.386272 26571.014176 0.489599 0.509868 1385.227863 3.289442 998.728726 13.499960 5.025543 0.616950 0.217972 4.152612 18.715627 0.220397 0.007064 
MP42 86.460875 0.191137 0.221068 0.026056 1171539.832055 1267649.294713 96109.462658 120.177540 177.468590 1.504653 178.973243 30666.802098 26514.785532 0.500022 0.510139 1414.722933 3.291195 998.727120 13.499960 4.598184 0.613775 0.213541 3.981262 18.723919 0.225089 0.007068 
MP43 86.174849 0.187082 0.217096 0.026033 1171501.219192 1267612.819398 96111.600205 120.172671 173.333856 1.500299 174.834155 30638.599699 26402.767131 0.509708 0.509701 1442.097250 3.288302 998.726754 13.499960 4.176526 0.611998 0.209303 3.831425 18.725771 0.229449 0.007062 
MP44 85.672070 0.184042 0.214821 0.026050 1171466.332319 1267575.733887 96109.401567 120.169783 169.080708 1.498168 170.578876 30657.604786 26265.004644 0.519703 0.510035 1470.359786 3.290420 998.727055 12.500089 4.742664 0.611129 0.205413 3.685438 18.724170 0.233949 0.007066 
MP45 86.048624 0.195687 0.227415 0.023022 1172702.238430 1268812.435245 96110.196816 120.174722 150.013839 1.449851 151.463690 27095.050131 23314.917691 0.519541 0.450738 1469.930280 2.907930 998.730161 10.500056 4.798268 0.591420 0.181588 3.691471 18.709589 0.233876 0.006245 
MP46 86.552030 0.196284 0.226781 0.023012 1172595.401115 1268706.300995 96110.899880 120.163511 153.761393 1.437094 155.198487 27080.460236 23438.688151 0.509754 0.450558 1442.172471 2.906637 998.729482 11.499927 4.180571 0.586216 0.185000 3.834593 18.712972 0.229470 0.006242 
MP47 86.935814 0.199866 0.229900 0.023015 1172695.524819 1268807.527965 96112.003146 120.173840 157.530156 1.429068 158.959224 27086.926710 23548.240348 0.499999 0.450608 1414.634055 2.907081 998.729699 11.499927 4.564907 0.582942 0.188631 3.985680 18.711971 0.225078 0.006243 
MP48 87.049712 0.195079 0.224100 0.023022 1172589.502698 1268702.064206 96112.561509 120.163329 161.146307 1.422818 162.569125 27092.611187 23584.039889 0.489661 0.450762 1385.324499 2.907946 998.729208 11.499927 4.933680 0.580392 0.192679 4.155742 18.714388 0.220425 0.006245 
MP49 87.121768 0.196555 0.225610 0.023021 1172583.173210 1268696.813307 96113.640097 120.162649 164.576497 1.416346 165.992843 27090.688736 23601.887004 0.479925 0.450734 1357.777930 2.907757 998.729028 12.500089 4.283327 0.577753 0.196575 4.326053 18.715310 0.216042 0.006245 
MP50 87.103655 0.195425 0.224359 0.023019 1172552.983303 1268666.325852 96113.342549 120.159798 168.065437 1.411921 169.477358 27087.992502 23594.631662 0.469919 0.450706 1329.452725 2.907544 998.726567 12.500089 4.639127 0.575948 0.200749 4.512253 18.727986 0.211538 0.006244 
MP51 86.907645 0.197696 0.227479 0.023041 1172584.758637 1268699.855186 96115.096549 120.163911 171.480034 1.408645 172.888679 27115.181102 23565.165263 0.460064 0.451135 1301.593335 2.910363 998.726300 12.500089 4.987346 0.574611 0.205244 4.707610 18.729404 0.207101 0.006250 
MP52 86.722403 0.200368 0.231045 0.023026 1172589.558182 1268705.401121 96115.842939 120.164054 174.959060 1.408252 176.367312 27096.789561 23498.986953 0.449723 0.450829 1272.337793 2.908392 998.724309 13.499960 4.342264 0.574451 0.209821 4.926618 18.739688 0.202446 0.006246 
MP53 86.558814 0.193879 0.223985 0.023006 1172473.619294 1268589.923886 96116.304591 120.151618 178.399193 1.403335 179.802529 27070.944421 23432.288401 0.439901 0.450470 1244.486789 2.905922 998.723188 13.499960 4.693086 0.572445 0.214335 5.149093 18.745337 0.198025 0.006241 
MP54 86.200749 0.194240 0.225335 0.023011 1172464.137867 1268581.816595 96117.678728 120.150646 181.824937 1.407352 183.232290 27076.349249 23340.015804 0.429969 0.450564 1216.383496 2.906521 998.724704 13.499960 5.042442 0.574084 0.219332 5.389719 18.737507 0.193554 0.006242 
MP55 85.609965 0.184061 0.214999 0.023034 1172576.564239 1268695.005984 96118.441744 120.162800 185.318667 1.407586 186.726253 27107.081829 23206.363167 0.419486 0.451007 1186.787831 2.909520 998.726499 14.500121 4.398569 0.574179 0.225034 5.662417 18.728376 0.188835 0.006248 
MP56 85.621950 0.193562 0.226066 0.020025 1173885.391702 1270003.723505 96118.331803 120.190655 161.050506 1.351079 162.401585 23571.223274 20182.140968 0.419414 0.392040 1186.720253 2.529407 998.729602 11.499927 4.923910 0.551129 0.195645 5.669365 18.713900 0.188802 0.005431 
MP57 86.091062 0.201319 0.233845 0.020030 1173855.709690 1269975.065937 96119.356247 120.187855 157.978568 1.356400 159.334968 23576.654184 20297.391931 0.429932 0.392144 1216.467533 2.530050 998.729061 11.499927 4.610636 0.553299 0.190910 5.395347 18.716663 0.193537 0.005433 
MP58 86.444158 0.201726 0.233360 0.020035 1173791.187753 1269912.434566 96121.246813 120.181581 155.092415 1.347942 156.440358 23580.454920 20383.925633 0.439765 0.392238 1244.257904 2.530594 998.727605 11.499927 4.316308 0.549849 0.186686 5.156753 18.724110 0.197964 0.005434 
MP59 86.799375 0.209086 0.240885 0.020040 1173744.536056 1269866.923543 96122.387486 120.176793 152.287653 1.341707 153.629360 23586.438646 20472.881244 0.449775 0.392361 1272.553729 2.531332 998.729398 10.500056 5.030151 0.547306 0.182588 4.929772 18.714795 0.202470 0.005436 
MP60 86.988871 0.204996 0.235658 0.020037 1173735.210412 1269857.748959 96122.538547 120.175958 149.192363 1.330634 150.522997 23582.574781 20514.215645 0.459986 0.392301 1301.437874 2.530940 998.727582 10.500056 4.714495 0.542789 0.178508 4.713349 18.724166 0.207066 0.005435 
MP61 87.178173 0.206703 0.237104 0.020026 1173694.632121 1269816.507328 96121.875207 120.171518 146.243579 1.323613 147.567192 23568.173675 20546.303172 0.469942 0.392084 1329.582410 2.529489 998.726935 9.499895 5.413940 0.539925 0.174629 4.515764 18.727458 0.211548 0.005432 
MP62 87.191675 0.211431 0.242489 0.020025 1173749.149796 1269870.414965 96121.265169 120.177017 143.232464 1.323249 144.555713 23568.190536 20549.500115 0.479796 0.392057 1357.492331 2.529375 998.727253 9.499895 5.106869 0.539777 0.171031 4.332185 18.725879 0.215984 0.005432 
MP63 87.155981 0.211177 0.242297 0.020016 1173857.741272 1269980.412936 96122.671664 120.187989 140.179770 1.321737 141.501507 23559.636889 20533.632740 0.489751 0.391861 1385.721981 2.528230 998.725761 9.499895 4.795557 0.539160 0.167471 4.157865 18.733709 0.220465 0.005429 
MP64 86.759549 0.219938 0.253503 0.020036 1173816.657220 1269938.439772 96121.782553 120.184584 136.824612 1.318481 138.143093 23583.256417 20460.726956 0.499883 0.392271 1414.370748 2.530838 998.724785 9.499895 4.453400 0.537832 0.164248 3.990996 18.738697 0.225026 0.005435 
MP65 86.599589 0.214639 0.247852 0.020034 1173754.337586 1269877.596448 96123.258862 120.178044 133.851155 1.323970 135.175125 23579.175288 20419.468831 0.509843 0.392235 1442.510700 2.530536 998.725604 8.500023 5.150040 0.540071 0.161025 3.836598 18.734400 0.229510 0.005434 
MP66 86.078590 0.216884 0.251961 0.020044 1173704.911670 1269830.631987 96125.720317 120.172636 130.559835 1.325916 131.885751 23589.677569 20305.661954 0.519658 0.392434 1470.248198 2.531763 998.731255 8.500023 4.814393 0.540865 0.158063 3.693026 18.705159 0.233928 0.005437 
MP67 85.929463 0.235182 0.273692 0.017004 1174237.600170 1270363.342957 96125.742787 120.136877 110.366471 1.276773 111.643244 20006.264013 17191.275144 0.519803 0.332974 1470.439047 2.147838 998.719109 6.499991 4.755118 0.520818 0.134077 3.693788 18.768465 0.233993 0.004613 
MP68 86.336839 0.234806 0.271965 0.017005 1174139.178570 1270266.027150 96126.848580 120.126808 113.038461 1.270080 114.308542 20005.613955 17272.214649 0.510094 0.333005 1442.914922 2.147948 998.719473 6.499991 5.027606 0.518088 0.136641 3.835730 18.766476 0.229623 0.004614 
MP69 86.573972 0.239880 0.277081 0.017025 1174188.219068 1270313.696245 96125.477177 120.131996 115.803854 1.267326 117.071180 20029.800093 17340.593604 0.500018 0.333385 1414.442656 2.150445 998.722527 7.499862 4.309748 0.516965 0.139554 3.991862 18.750792 0.225087 0.004619 
MP70 86.707609 0.233789 0.269629 0.017042 1174154.375728 1270276.989250 96122.613522 120.128609 118.562539 1.264001 119.826541 20049.448528 17384.397419 0.489761 0.333725 1385.408990 2.152608 998.725909 7.499862 4.591077 0.515608 0.142622 4.160794 18.733301 0.220470 0.004624 
MP71 86.954286 0.227340 0.261447 0.017010 1174307.117836 1270426.033371 96118.915535 120.143755 121.164181 1.262059 122.426240 20013.904647 17402.947855 0.479842 0.333071 1357.437023 2.148529 998.722209 7.499862 4.856391 0.514816 0.145285 4.334619 18.752557 0.216005 0.004615 
MP72 86.989084 0.231398 0.266008 0.017027 1174207.071629 1270320.407487 96113.335859 120.134284 123.907447 1.258482 125.165929 20032.540091 17426.123151 0.469983 0.333421 1329.492940 2.150704 998.719975 7.499862 5.136148 0.513357 0.148489 4.518375 18.763937 0.211567 0.004619 
MP73 86.896771 0.230112 0.264811 0.017018 1174158.293420 1270269.452054 96111.158634 120.129271 126.415518 1.255117 127.670636 20021.642245 17398.160518 0.460033 0.333262 1301.318773 2.149627 998.718274 8.500023 4.391758 0.511985 0.151628 4.715955 18.772637 0.207088 0.004617 
MP74 86.658863 0.227600 0.262639 0.017014 1174121.134180 1270232.067237 96110.933057 120.125547 128.929614 1.256001 130.185615 20015.752431 17345.423521 0.449785 0.333180 1272.311029 2.149065 998.716666 8.500023 4.648144 0.512345 0.155044 4.933298 18.780872 0.202474 0.004616 
MP75 86.253927 0.225580 0.261530 0.017026 1174075.627026 1270185.970290 96110.343264 120.121027 131.311598 1.255849 132.567447 20028.625957 17275.476434 0.439931 0.333412 1244.412953 2.150524 998.718271 8.500023 4.891058 0.512283 0.158628 5.156766 18.772555 0.198039 0.004619 
MP76 85.791184 0.223181 0.260145 0.017024 1174109.328810 1270219.955555 96110.626745 120.124319 133.641332 1.265682 134.907014 20027.885291 17182.160006 0.429961 0.333386 1216.226915 2.150384 998.719259 9.499895 4.128771 0.516294 0.162293 5.398701 18.767508 0.193550 0.004619 
MP77 85.354782 0.210058 0.246100 0.017036 1174226.230139 1270335.540425 96109.310285 120.136231 136.159823 1.263606 137.423429 20044.007080 17108.518565 0.420258 0.333603 1188.838900 2.151895 998.722232 9.499895 4.385605 0.515447 0.166149 5.650858 18.752322 0.189182 0.004622 
MP78 84.702012 0.240513 0.283952 0.014011 1174863.897230 1270971.829277 96107.932047 120.125116 111.051908 1.206262 112.258170 16483.110597 13961.526266 0.419855 0.274376 1187.644118 1.769769 998.720697 6.499991 4.825018 0.492055 0.136782 5.665317 18.760983 0.189001 0.003801 
MP79 85.140434 0.262932 0.308821 0.013999 1174898.181235 1271004.110931 96105.929696 120.128779 108.848026 1.214149 110.062175 16469.011844 14021.788120 0.430074 0.274130 1216.568853 1.768208 998.716994 6.499991 4.600268 0.495273 0.133412 5.399304 18.780090 0.193601 0.003798 
MP80 85.541179 0.256475 0.299827 0.014002 1174851.690666 1270956.987099 96105.296434 120.124022 106.913838 1.208396 108.122234 16471.564792 14089.970672 0.439928 0.274188 1244.418508 1.768551 998.717593 5.500119 5.402892 0.492926 0.130452 5.160132 18.776950 0.198037 0.003799 
MP81 85.715763 0.263209 0.307072 0.014009 1174904.880984 1271011.070789 96106.189805 120.129033 104.817981 1.204526 106.022507 16480.716388 14126.571783 0.449796 0.274322 1272.360253 1.769451 998.722441 5.500119 5.189158 0.491347 0.127652 4.936181 18.752036 0.202479 0.003801 
MP82 85.923900 0.254041 0.295659 0.014002 1174850.149907 1270957.114593 96106.964686 120.123138 102.663778 1.201407 103.865185 16472.603735 14153.903555 0.460038 0.274207 1301.300551 1.768664 998.723817 5.500119 4.969474 0.490075 0.124758 4.718839 18.744880 0.207090 0.003799 
MP83 86.123976 0.261989 0.304199 0.013982 1174901.684230 1271008.265821 96106.581591 120.127857 100.545996 1.199425 101.745422 16449.301842 14166.792831 0.470041 0.273803 1329.621563 1.766092 998.724477 5.500119 4.753503 0.489267 0.121923 4.520153 18.741535 0.211593 0.003793 
MP84 85.869376 0.253404 0.295104 0.014001 1174883.958994 1270993.410833 96109.451839 120.126969 98.300978 1.198050 99.499028 16471.730103 14144.171822 0.479887 0.274180 1357.469463 1.768520 998.720442 5.500119 4.524558 0.488706 0.119586 4.336549 18.762322 0.216025 0.003799 
MP85 85.742453 0.264144 0.308067 0.013991 1174933.436236 1271044.816924 96111.380688 120.132102 96.086114 1.195624 97.281738 16460.646512 14113.762084 0.489760 0.273979 1385.424469 1.767259 998.717876 4.499958 5.298848 0.487716 0.117089 4.163495 18.775604 0.220469 0.003796 
MP86 85.355826 0.268609 0.314693 0.014003 1174917.953959 1271030.673583 96112.719624 120.130905 93.745206 1.190816 94.936023 16473.786331 14061.336397 0.499999 0.274202 1414.382738 1.768689 998.716827 4.499958 5.060124 0.485755 0.114785 3.994704 18.780990 0.225079 0.003799 
MP87 84.964766 0.276643 0.325597 0.014022 1174805.493349 1270918.625562 96113.132213 120.120032 91.568387 1.197374 92.765761 16495.014206 14014.950240 0.510032 0.274593 1442.697334 1.771131 998.715419 4.499958 4.838133 0.488430 0.112687 3.839080 18.788103 0.229595 0.003804 
MP88 84.450944 0.267386 0.316617 0.013985 1174821.953170 1270936.163732 96114.210563 120.120652 89.029893 1.210141 90.240033 16452.184656 13894.025199 0.519782 0.273877 1470.280571 1.766520 998.717320 4.499958 4.579259 0.493638 0.110285 3.696429 18.778343 0.233984 0.003794 
MP89 82.651440 0.321086 0.388482 0.010982 1175606.009409 1271718.508405 96112.498997 120.140645 68.149465 1.193273 69.342738 12920.906606 10679.315425 0.519874 0.215041 1470.665173 1.387136 998.709511 1.500054 5.449789 0.486757 0.086577 3.696991 18.819420 0.234026 0.002979 
MP90 83.302064 0.318075 0.381834 0.010979 1175718.068659 1271828.088265 96110.019606 120.151217 70.050415 1.189762 71.240177 12918.522416 10761.395828 0.509895 0.214971 1442.497264 1.386749 998.716293 2.499925 4.643776 0.485325 0.088243 3.843124 18.784676 0.229533 0.002978 
MP91 83.522821 0.322343 0.385934 0.010997 1175708.329498 1271818.180310 96109.850812 120.150821 71.756427 1.184280 72.940706 12939.681291 10807.586882 0.500146 0.215325 1414.914357 1.389028 998.713998 2.499925 4.817754 0.483089 0.090111 3.994400 18.796472 0.225145 0.002983 
MP92 83.663636 0.311473 0.372292 0.010997 1175689.961663 1271799.712513 96109.750851 120.149454 73.459327 1.180555 74.639883 12939.181595 10825.389768 0.489568 0.215321 1384.981511 1.388996 998.709734 2.499925 4.991415 0.481569 0.092057 4.168876 18.818365 0.220383 0.002983 
MP93 84.311848 0.308565 0.365981 0.010967 1175664.968366 1271775.909867 96110.941501 120.146323 75.331791 1.175925 76.507716 12903.803191 10879.434949 0.480006 0.214741 1357.914687 1.385234 998.710124 2.499925 5.182367 0.479680 0.093637 4.336631 18.816336 0.216079 0.002975 
MP94 84.170114 0.304097 0.361288 0.010999 1175706.717222 1271819.173119 96112.455897 120.150680 77.089496 1.171272 78.260768 12941.959459 10893.262023 0.469842 0.215363 1329.184365 1.389274 998.714096 2.499925 5.361617 0.477783 0.095940 4.526273 18.795973 0.211503 0.002984 
MP95 84.237198 0.305916 0.363161 0.010994 1175650.507885 1271763.198938 96112.691053 120.144301 78.806565 1.159115 79.965680 12935.178975 10896.232282 0.459962 0.215266 1301.200133 1.388613 998.718635 3.500087 4.536561 0.472823 0.097957 4.722808 18.772547 0.207056 0.002982 
MP96 84.332346 0.307796 0.364980 0.010979 1175593.943689 1271708.073539 96114.129850 120.138009 80.587683 1.154971 81.742654 12917.051183 10893.252313 0.449852 0.214981 1272.565694 1.386737 998.720724 3.500087 4.718198 0.471133 0.100026 4.937490 18.761719 0.202505 0.002978 
MP97 83.976184 0.302096 0.359740 0.010984 1175696.683697 1271812.933625 96116.249928 120.148546 82.120093 1.155636 83.275729 12923.894286 10852.993264 0.439919 0.215067 1244.521690 1.387350 998.721054 3.500087 4.874473 0.471404 0.102325 5.162969 18.760147 0.198033 0.002980 
MP98 83.635004 0.298657 0.357095 0.010995 1175717.419919 1271833.449958 96116.030040 120.150736 83.780993 1.169176 84.950169 12937.870055 10820.588182 0.429956 0.215293 1216.348444 1.388823 998.722185 3.500087 5.043850 0.476927 0.104806 5.404999 18.754340 0.193548 0.002983 
MP99 83.286667 0.291527 0.350029 0.011000 1175655.734087 1271772.623875 96116.889788 120.144350 85.492861 1.160981 86.653842 12943.176037 10779.939979 0.419931 0.215398 1187.954762 1.389464 998.723666 3.500087 5.218425 0.473585 0.107361 5.666154 18.746631 0.189035 0.002984 
