MP_Name eta e.eta f.eta Q_A p_Duese_rel p_Duese_abs p_amb H_tot M_Generator M_Lager M_mech P_hyd P_mech ku kcm n_rpm v_ME rho Masse_Aufgelegt Masse_Generator_Sensor Masse_Lager_Sensor phi psi T_Water n_ED Q_ED 
[] [%] [%] [%] [m^3/s] [Pa(r)] [Pa(a)] [Pa(a)] [m] [Nm] [Nm] [Nm] [W] [W] [-] [-] [rpm] [m/s] [kg/m^3] [kg] [kg] [kg] [-] [-] [°C] [-] [-] 
MP01 84.074792 0.161190 0.191722 0.035038 1167187.028860 1263593.164732 96406.135872 120.175126 223.126481 2.110104 225.236585 41238.537319 34671.214333 0.519546 0.685994 1469.946404 4.425692 998.763630 18.499896 4.254413 0.860749 0.276362 3.673906 18.529885 0.233878 0.009504 
MP02 84.546695 0.161931 0.191528 0.035022 1167063.792182 1263471.197554 96407.405371 120.161681 228.604432 2.081578 230.686010 41214.630707 34845.608204 0.509853 0.685712 1442.441383 4.423624 998.763025 18.499896 4.813052 0.849112 0.281500 3.814953 18.532894 0.229514 0.009500 
MP03 84.743481 0.165104 0.194828 0.035055 1166867.906036 1263284.516935 96416.610899 120.143609 233.935387 2.058290 235.993677 41247.423302 34954.502350 0.499981 0.686413 1414.406156 4.427811 998.762698 19.500058 4.356537 0.839613 0.287352 3.967021 18.534389 0.225070 0.009510 
MP04 84.862893 0.160000 0.188539 0.035053 1166798.397039 1263220.356538 96421.959498 120.136406 239.260746 2.024242 241.284989 41243.236561 35000.203595 0.489670 0.686405 1385.197341 4.427626 998.762886 19.500058 4.899614 0.825724 0.293399 4.135838 18.533341 0.220429 0.009510 
MP05 85.065923 0.158848 0.186736 0.035024 1166832.893387 1263245.111783 96412.218396 120.138426 244.673765 1.995143 246.668908 41209.605177 35055.331021 0.479733 0.685828 1357.097480 4.423947 998.761560 20.499929 4.451760 0.813854 0.299225 4.309016 18.540276 0.215956 0.009502 
MP06 85.064935 0.160682 0.188893 0.035039 1166837.946734 1263248.787374 96410.840640 120.139928 249.981333 1.974368 251.955701 41227.344410 35070.013590 0.469861 0.686112 1329.177948 4.425802 998.760311 21.500091 3.992860 0.805379 0.305638 4.491965 18.546797 0.211512 0.009506 
MP07 85.062246 0.157295 0.184917 0.035037 1166801.444412 1263221.877983 96420.433571 120.136218 255.297424 1.959500 257.256924 41223.460672 35065.601336 0.460128 0.686080 1301.624160 4.425527 998.759123 21.500091 4.534992 0.799315 0.312089 4.684016 18.552971 0.207130 0.009505 
MP08 84.910857 0.154189 0.181589 0.035017 1166887.876276 1263306.639321 96418.763045 120.144081 260.622172 1.947409 262.569582 41203.335437 34986.105342 0.449781 0.685678 1272.396803 4.423082 998.757942 22.499962 4.078136 0.794383 0.319081 4.902043 18.559223 0.202473 0.009500 
MP09 84.661996 0.156039 0.184308 0.035027 1166806.653542 1263227.618279 96420.964737 120.136241 265.823771 1.942310 267.766081 41212.222479 34891.090005 0.439869 0.685893 1244.315057 4.424321 998.758830 22.499962 4.608592 0.792302 0.326374 5.125437 18.554504 0.198010 0.009503 
MP10 84.239098 0.160331 0.190329 0.035044 1166619.490692 1263039.405194 96419.914503 120.117959 270.741370 1.941323 272.682693 41225.465950 34727.960740 0.429951 0.686269 1216.166650 4.426412 998.759800 23.500123 4.109925 0.791900 0.334086 5.364575 18.549221 0.193546 0.009508 
MP11 83.978324 0.152031 0.181036 0.035025 1166670.083003 1263095.544400 96425.461397 120.122413 276.160225 1.945684 278.105909 41205.122487 34603.371189 0.420046 0.685894 1188.172721 4.424076 998.756930 23.500123 4.662537 0.793679 0.341776 5.620597 18.564252 0.189087 0.009503 
MP12 84.553693 0.156124 0.184645 0.032026 1168557.305317 1264989.640951 96432.335634 120.151345 254.312989 1.915050 256.228039 37685.512955 31864.493026 0.419775 0.627080 1187.549557 4.045206 998.758198 21.500091 4.434600 0.781183 0.312671 5.635592 18.559917 0.188965 0.008688 
MP13 84.983810 0.165082 0.194251 0.032008 1168517.806839 1264949.848612 96432.041773 120.146493 249.413405 1.912217 251.325622 37663.159428 32007.587740 0.429894 0.626746 1216.151167 4.042974 998.757346 21.500091 3.934944 0.780027 0.305149 5.373455 18.564309 0.193520 0.008683 
MP14 85.318450 0.162031 0.189913 0.032030 1168451.031866 1264889.068284 96438.036417 120.140931 244.865703 1.903488 246.769191 37687.721806 32154.580079 0.439853 0.627199 1244.294800 4.045801 998.756590 20.499929 4.471334 0.776466 0.298456 5.132839 18.568184 0.198003 0.008689 
MP15 85.528345 0.171056 0.199999 0.032017 1168402.926201 1264841.850387 96438.924186 120.135445 239.960186 1.891624 241.851809 37670.728899 32219.150847 0.449708 0.626960 1272.143583 4.044164 998.755749 20.499929 3.971072 0.771627 0.291804 4.910373 18.572507 0.202440 0.008686 
MP16 85.823563 0.168064 0.195825 0.032003 1168425.281089 1264859.881059 96434.599970 120.137152 235.290065 1.878548 237.168613 37654.619606 32316.536134 0.459970 0.626679 1301.184775 4.042383 998.754414 19.500058 4.494687 0.766293 0.285166 4.693725 18.579478 0.207059 0.008682 
MP17 85.752836 0.163887 0.191116 0.032012 1168320.501786 1264753.587970 96433.086184 120.126817 230.162201 1.860960 232.023162 37661.632161 32295.917474 0.469891 0.626876 1329.191846 4.043481 998.755159 19.500058 3.971750 0.759119 0.279233 4.497602 18.575468 0.211525 0.008685 
MP18 85.693285 0.166796 0.194643 0.032035 1168319.125238 1264756.276910 96437.151672 120.127471 225.418738 1.849605 227.268343 37688.557148 32296.562689 0.479730 0.627317 1357.027785 4.046336 998.758367 18.499896 4.488176 0.754487 0.273698 4.314962 18.558766 0.215955 0.008691 
MP19 85.585205 0.170045 0.198686 0.032025 1168438.484699 1264878.553580 96440.068881 120.139327 220.463189 1.841436 222.304624 37680.989905 32249.352479 0.489701 0.627099 1385.300159 4.045130 998.756980 18.499896 3.982812 0.751154 0.268033 4.141061 18.566141 0.220443 0.008688 
MP20 85.484392 0.171981 0.201184 0.032024 1168293.871233 1264734.946768 96441.075535 120.124675 215.618353 1.828020 217.446374 37675.268117 32206.473750 0.500007 0.627120 1414.367894 4.045015 998.755626 17.500025 4.488610 0.745682 0.262517 3.972112 18.573023 0.225082 0.008688 
MP21 85.246963 0.170148 0.199594 0.032007 1168284.935702 1264722.615597 96437.679895 120.123111 210.721367 1.820610 212.541977 37653.986049 32098.879720 0.509839 0.626779 1442.170282 4.042792 998.753403 17.500025 3.989218 0.742659 0.257314 3.820417 18.584581 0.229508 0.008684 
MP22 84.766444 0.166752 0.196719 0.032023 1168101.037470 1264533.630618 96432.593148 120.105115 205.539910 1.816216 207.356126 37668.107002 31929.914675 0.519878 0.627155 1470.456800 4.044910 998.754176 16.499864 4.460977 0.740866 0.252497 3.674266 18.580321 0.234027 0.008689 
MP23 85.427447 0.175119 0.204991 0.029042 1170283.897699 1266705.634462 96421.736762 120.180124 187.856143 1.773262 189.629405 34182.474598 29201.215406 0.519733 0.568589 1470.505410 3.668329 998.752237 14.500121 4.657340 0.723345 0.228982 3.680896 18.592991 0.233962 0.007877 
MP24 85.961037 0.181080 0.210654 0.029031 1170363.494502 1266785.149986 96421.655484 120.187743 192.727750 1.765158 194.492908 34171.672787 29374.324254 0.509724 0.568355 1442.233227 3.666938 998.752137 15.499993 4.154271 0.720039 0.233382 3.826885 18.593608 0.229456 0.007874 
MP25 86.232163 0.179521 0.208184 0.029015 1170385.161266 1266815.005421 96429.844154 120.189208 197.092680 1.757810 198.850489 34153.410758 29451.224841 0.499856 0.568041 1414.321290 3.664934 998.752125 15.499993 4.599404 0.717042 0.237858 3.979498 18.593715 0.225014 0.007870 
MP26 86.441946 0.173807 0.201068 0.029015 1170264.541362 1266700.872274 96436.330912 120.177043 201.750595 1.755905 203.506500 34149.540372 29519.527322 0.489577 0.568064 1385.168145 3.664894 998.750735 15.499993 5.074416 0.716265 0.242861 4.148349 18.600819 0.220387 0.007870 
MP27 86.424648 0.170286 0.197034 0.029019 1170298.424592 1266739.394518 96440.969926 120.180806 205.983600 1.748826 207.732426 34155.124632 29518.446250 0.479593 0.568131 1356.939809 3.665383 998.749726 16.499864 4.506224 0.713377 0.247946 4.322870 18.606115 0.215893 0.007871 
MP28 86.466108 0.173033 0.200116 0.029039 1170238.844380 1266684.014137 96445.169757 120.175691 210.572086 1.747198 212.319283 34177.562912 29552.008391 0.469775 0.568540 1329.134538 3.667947 998.749644 17.500025 3.973994 0.712713 0.253311 4.505400 18.606477 0.211473 0.007877 
MP29 86.574761 0.170047 0.196417 0.029017 1170263.390491 1266711.835327 96448.444835 120.177059 215.216495 1.743271 216.959766 34152.223415 29567.205908 0.459961 0.568109 1301.375015 3.665183 998.750518 17.500025 4.447628 0.711111 0.258519 4.699753 18.601972 0.207055 0.007871 
MP30 86.325636 0.172701 0.200057 0.029015 1170320.078459 1266768.241991 96448.163532 120.182875 219.487928 1.735735 221.223663 34150.878863 29480.963357 0.449769 0.568046 1272.569396 3.664866 998.749295 17.500025 4.883227 0.708037 0.264348 4.915170 18.608396 0.202467 0.007870 
MP31 86.011477 0.169155 0.196665 0.029017 1170302.146595 1266746.252956 96444.106361 120.181267 223.713436 1.728359 225.441795 34153.147318 29375.626355 0.439780 0.568095 1244.297085 3.665161 998.748361 18.499896 4.314271 0.705028 0.270376 5.140994 18.613221 0.197970 0.007871 
MP32 85.621017 0.164538 0.192170 0.029036 1170300.930581 1266741.908674 96440.978093 120.182318 228.010457 1.730965 229.741422 34176.076494 29261.904276 0.429877 0.568471 1216.283073 3.667598 998.746147 18.499896 4.752478 0.706091 0.276787 5.380548 18.624711 0.193513 0.007876 
MP33 85.174402 0.164228 0.192814 0.029013 1170391.680442 1266832.873390 96441.192948 120.190169 232.381574 1.725139 234.106713 34150.993057 29087.904280 0.419339 0.567996 1186.506022 3.664657 998.748793 19.500058 4.198080 0.703715 0.283506 5.654425 18.611076 0.188769 0.007869 
MP34 85.655670 0.172928 0.201888 0.026010 1171517.486787 1267953.381302 96435.894515 120.171178 209.185851 1.692770 210.878621 30610.983927 26220.043396 0.419664 0.509242 1187.332170 3.285320 998.744743 16.499864 4.832788 0.690511 0.253983 5.652013 18.633436 0.188915 0.007055 
MP35 86.046646 0.178609 0.207572 0.026023 1171556.278907 1267994.045409 96437.766502 120.175558 205.208191 1.705021 206.913212 30627.890083 26354.272150 0.429888 0.509495 1216.281736 3.287011 998.745976 16.499864 4.427148 0.695508 0.248065 5.386332 18.627087 0.193518 0.007059 
MP36 86.399590 0.179114 0.207309 0.026002 1171489.275112 1267925.273758 96435.998647 120.167919 201.214543 1.697391 202.911933 30601.518902 26439.586826 0.439799 0.509105 1244.280964 3.284392 998.745302 16.499864 4.019878 0.692396 0.242290 5.146358 18.630499 0.197979 0.007053 
MP37 86.762866 0.180569 0.208118 0.026019 1171592.037806 1268026.609620 96434.571814 120.179256 197.759691 1.688506 199.448196 30624.459843 26570.658934 0.449633 0.509415 1272.165442 3.286547 998.744290 15.499993 4.667426 0.688771 0.237135 4.923663 18.635871 0.202406 0.007058 
MP38 86.966637 0.178417 0.205155 0.026023 1171470.740408 1267907.859686 96437.119278 120.166875 193.733157 1.680859 195.414017 30625.322544 26633.813022 0.460030 0.509507 1301.514519 3.286974 998.745448 15.499993 4.256802 0.685652 0.231818 4.703617 18.629724 0.207086 0.007059 
MP39 86.978589 0.178386 0.205092 0.026022 1171503.514157 1267937.949338 96434.435182 120.170439 189.688272 1.674407 191.362680 30625.360821 26637.506657 0.469828 0.509486 1329.253183 3.286888 998.743391 14.500121 4.844179 0.683020 0.226974 4.509492 18.640433 0.211497 0.007059 
MP40 86.832885 0.180087 0.207395 0.026027 1171538.180328 1267975.322797 96437.142469 120.174144 185.465534 1.671222 187.136756 30631.991040 26598.641528 0.479729 0.509573 1357.287162 3.287497 998.743716 14.500121 4.413547 0.681721 0.222327 4.325260 18.638792 0.215954 0.007060 
MP41 87.009704 0.185348 0.213020 0.026009 1171577.269076 1268020.454760 96443.185684 120.177368 181.929247 1.668521 183.597768 30611.191671 26634.707394 0.489632 0.509207 1385.325776 3.285177 998.743628 13.499960 5.053079 0.680619 0.217674 4.152087 18.639312 0.220412 0.007055 
MP42 86.811053 0.194441 0.223982 0.026011 1171485.714091 1267928.680878 96442.966787 120.167933 177.744472 1.659362 179.403834 30611.308786 26573.999530 0.499956 0.509268 1414.479260 3.285443 998.745094 13.499960 4.626318 0.676883 0.213205 3.982378 18.631595 0.225059 0.007056 
MP43 86.452150 0.181820 0.210313 0.026005 1171460.154458 1267901.651463 96441.497005 120.165525 173.535527 1.656531 175.192058 30603.922670 26457.749136 0.509741 0.509162 1442.148098 3.284728 998.741408 13.499960 4.197092 0.675728 0.209069 3.830964 18.650680 0.229464 0.007054 
MP44 85.998230 0.182798 0.212560 0.026011 1171552.841009 1267984.423699 96431.582690 120.175192 169.369753 1.650957 171.020709 30613.490819 26327.060292 0.519574 0.509259 1470.026103 3.285489 998.741839 12.500089 4.772140 0.673454 0.205151 3.687329 18.648535 0.233890 0.007055 
MP45 86.241532 0.195666 0.226881 0.023006 1172492.031573 1268923.864198 96431.832624 120.150952 150.016510 1.610271 151.626781 27071.456699 23346.838993 0.519744 0.450472 1470.359584 2.905931 998.744453 10.500056 4.798541 0.656858 0.181410 3.688602 18.636090 0.233967 0.006241 
MP46 86.852409 0.198331 0.228354 0.022972 1172437.676084 1268897.994074 96460.317991 120.144086 153.865115 1.558728 155.423843 27030.292525 23476.460313 0.509876 0.449826 1442.402129 2.901677 998.744922 11.499927 4.191148 0.635833 0.184655 3.832797 18.633660 0.229525 0.006232 
MP47 87.175455 0.198786 0.228030 0.022982 1172457.394380 1268920.602188 96463.207808 120.146662 157.608047 1.550850 159.158897 27041.593078 23573.631818 0.499966 0.450000 1414.382772 2.902833 998.743078 11.499927 4.572850 0.632619 0.188388 3.986234 18.643258 0.225064 0.006234 
MP48 87.389665 0.194305 0.222343 0.022982 1172419.732950 1268883.319375 96463.586425 120.143167 161.369597 1.544130 162.913727 27041.100458 23631.126996 0.489641 0.450013 1385.154243 2.902873 998.740256 11.499927 4.956451 0.629878 0.192366 4.156116 18.657847 0.220416 0.006235 
MP49 87.352632 0.189953 0.217455 0.022993 1172404.692751 1268868.842853 96464.150102 120.141882 164.722061 1.536631 166.258691 27054.196477 23632.552803 0.479822 0.450237 1357.368170 2.904305 998.741699 12.500089 4.298171 0.626819 0.196401 4.327952 18.650348 0.215996 0.006238 
MP50 87.517214 0.188799 0.215728 0.022954 1172388.826352 1268850.897684 96462.071333 120.138856 168.282065 1.536456 169.818521 27007.098728 23635.860388 0.469835 0.449471 1329.100265 2.899324 998.741134 12.500089 4.661218 0.626747 0.200234 4.513949 18.653255 0.211500 0.006227 
MP51 87.230566 0.188124 0.215662 0.022998 1172339.704027 1268816.295925 96476.591897 120.135431 171.687284 1.532897 173.220181 27058.897588 23603.629647 0.459987 0.450352 1301.222863 2.904966 998.741789 12.500089 5.008481 0.625296 0.204922 4.709234 18.649834 0.207067 0.006239 
MP52 86.963434 0.189358 0.217744 0.022978 1172393.441770 1268875.087401 96481.645632 120.140133 174.930326 1.535132 176.465458 27036.205644 23511.612881 0.449759 0.449948 1272.313384 2.902415 998.742043 13.499960 4.339333 0.626208 0.209394 4.925896 18.648595 0.202463 0.006234 
MP53 86.705270 0.187021 0.215697 0.022983 1172441.745650 1268922.258063 96480.512414 120.145473 178.408348 1.524818 179.933166 27043.108390 23447.800060 0.439884 0.450033 1244.406473 2.903033 998.740167 13.499960 4.694020 0.622000 0.214136 5.149530 18.658374 0.198017 0.006235 
MP54 86.231987 0.192230 0.222922 0.022984 1172305.926280 1268788.815024 96482.888744 120.131587 181.555551 1.525871 183.081422 27040.777198 23317.799413 0.429948 0.450072 1216.227075 2.903117 998.740521 13.499960 5.014970 0.622430 0.219103 5.390292 18.656383 0.193544 0.006235 
MP55 85.879409 0.181630 0.211495 0.022973 1172324.887595 1268813.062170 96488.174575 120.132955 185.100379 1.516538 186.616916 27028.123654 23211.592872 0.419879 0.449854 1187.750763 2.901722 998.741816 14.500121 4.376308 0.618622 0.224249 5.651939 18.649706 0.189012 0.006232 
MP56 85.660483 0.191091 0.223080 0.019978 1173664.222410 1270170.315351 96506.092941 120.166120 160.668392 1.480561 162.148952 23511.026362 20139.658626 0.419226 0.391157 1186.067320 2.523454 998.733083 11.499927 4.884942 0.603947 0.195292 5.674520 18.696564 0.188718 0.005419 
MP57 86.206957 0.204812 0.237582 0.019975 1173708.160123 1270220.849219 96512.689097 120.169529 157.617787 1.494883 159.112671 23508.194719 20265.699382 0.429893 0.391090 1216.265009 2.523058 998.741207 11.499927 4.573844 0.609789 0.190414 5.396399 18.654566 0.193520 0.005418 
MP58 86.542917 0.203046 0.234619 0.019997 1173652.037186 1270169.942743 96517.905557 120.164156 154.794294 1.498581 156.292875 23532.852521 20366.016961 0.439826 0.391525 1244.337827 2.525810 998.744130 11.499927 4.285905 0.611298 0.186321 5.155394 18.639351 0.197991 0.005424 
MP59 86.999109 0.201441 0.231544 0.019987 1173601.742726 1270118.713604 96516.970878 120.158708 152.091612 1.504061 153.595673 23520.462403 20462.592825 0.449682 0.391346 1272.193178 2.524594 998.744134 10.500056 5.010159 0.613533 0.182154 4.931894 18.639267 0.202428 0.005422 
MP60 87.400308 0.202834 0.232074 0.019965 1173622.794782 1270136.414833 96513.620051 120.160349 149.200775 1.488367 150.689141 23494.748521 20534.482533 0.459962 0.390910 1301.287286 2.521804 998.742387 10.500056 4.715353 0.607131 0.177884 4.713918 18.648347 0.207056 0.005416 
MP61 87.504648 0.208146 0.237868 0.019956 1173696.179282 1270206.151370 96509.972089 120.167784 146.181935 1.474636 147.656571 23485.019311 20550.483471 0.469760 0.390713 1329.047937 2.520609 998.740308 9.499895 5.407654 0.601530 0.174086 4.519342 18.659205 0.211466 0.005413 
MP62 87.457475 0.202576 0.231627 0.019986 1173583.046622 1270091.075378 96508.028755 120.157647 143.257359 1.473173 144.730532 23518.362591 20568.566049 0.479699 0.391319 1357.110586 2.524410 998.736668 9.499895 5.109407 0.600933 0.170743 4.333968 18.677921 0.215941 0.005421 
MP63 87.391777 0.207860 0.237849 0.019984 1173561.431187 1270065.658296 96504.227109 120.155306 140.212330 1.476287 141.688617 23516.313629 20551.324296 0.489592 0.391296 1385.084389 2.524237 998.737416 9.499895 4.798877 0.602203 0.167283 4.160595 18.674014 0.220394 0.005421 
MP64 87.083423 0.216584 0.248708 0.019986 1173595.750413 1270101.713019 96505.962606 120.158959 136.832432 1.470914 138.303347 23519.576748 20481.652452 0.499868 0.391333 1414.176726 2.524513 998.736766 9.499895 4.454197 0.600012 0.163860 3.991292 18.677421 0.225020 0.005422 
MP65 86.824055 0.211942 0.244106 0.019985 1173598.910888 1270108.290095 96509.379207 120.159255 133.720721 1.472347 135.193068 23518.070465 20419.342336 0.509812 0.391306 1442.310311 2.524345 998.736627 8.500023 5.136739 0.600596 0.160653 3.837114 18.678157 0.229496 0.005421 
MP66 86.490436 0.212108 0.245238 0.019966 1173587.706531 1270100.507196 96512.800664 120.157344 130.498373 1.472287 131.970660 23495.524546 20321.381561 0.519759 0.390940 1470.439711 2.521962 998.737906 8.500023 4.808125 0.600572 0.157431 3.691671 18.671524 0.233974 0.005416 
MP67 86.036507 0.238831 0.277593 0.016973 1173987.113784 1270508.023844 96520.910060 120.108910 110.108162 1.432100 111.540262 19964.452046 17176.717202 0.519902 0.332390 1470.550311 2.143821 998.731695 6.499991 4.728776 0.584179 0.133816 3.692394 18.704157 0.234038 0.004605 
MP68 86.493315 0.236647 0.273601 0.016977 1173960.865550 1270479.086084 96518.220534 120.106337 112.930988 1.424559 114.355547 19969.798208 17272.540560 0.509938 0.332489 1442.349034 2.144441 998.731931 6.499991 5.016646 0.581103 0.136472 3.838109 18.702901 0.229553 0.004606 
MP69 86.848256 0.235629 0.271311 0.016974 1173988.532551 1270504.826658 96516.294107 120.108597 115.659762 1.417056 117.076818 19965.914383 17340.048490 0.500027 0.332414 1414.330083 2.143975 998.735794 7.499862 4.295054 0.578042 0.139145 3.991766 18.682943 0.225091 0.004605 
MP70 86.858017 0.227132 0.261498 0.017002 1173970.001007 1270491.770582 96521.769575 120.107312 118.348084 1.412159 119.760243 19999.144199 17370.860168 0.489694 0.332972 1385.096517 2.147563 998.737276 7.499862 4.569207 0.576045 0.142320 4.161971 18.675264 0.220440 0.004613 
MP71 87.217035 0.228377 0.261849 0.016983 1174002.696584 1270532.747887 96530.051303 120.110326 121.171242 1.402654 122.573896 19976.721972 17423.104679 0.479886 0.332587 1357.372157 2.145105 998.735493 7.499862 4.857111 0.572167 0.145060 4.333852 18.684553 0.216025 0.004608 
MP72 87.130532 0.224801 0.258004 0.016982 1173911.656219 1270443.223224 96531.567004 120.101277 123.625362 1.406539 125.031901 19974.407084 17403.807218 0.469949 0.332587 1329.213704 2.145023 998.733285 7.499862 5.107381 0.573752 0.148128 4.519076 18.695873 0.211551 0.004608 
MP73 87.185593 0.225037 0.258112 0.016966 1173956.034217 1270490.096226 96534.062009 120.105305 126.259921 1.396204 127.656125 19955.661331 17398.461682 0.460139 0.332258 1301.489220 2.142937 998.733679 8.500023 4.375891 0.569536 0.151136 4.713835 18.693894 0.207135 0.004603 
MP74 86.771941 0.237015 0.273147 0.016979 1174009.708208 1270544.780189 96535.071981 120.111247 128.666122 1.395852 130.061973 19972.967257 17330.931367 0.449863 0.332521 1272.456502 2.144691 998.733032 8.500023 4.621274 0.569393 0.154711 4.931622 18.697304 0.202510 0.004607 
MP75 86.284572 0.228683 0.265034 0.016983 1174014.463692 1270551.137789 96536.674097 120.111488 130.910948 1.387212 132.298161 19977.492569 17237.493933 0.439875 0.332595 1244.204312 2.145166 998.735938 8.500023 4.850200 0.565868 0.158259 5.158135 18.682282 0.198013 0.004608 
MP76 85.868562 0.220754 0.257084 0.016988 1174011.849149 1270550.512813 96538.663664 120.111551 133.322393 1.398779 134.721172 19982.810109 17158.951753 0.429995 0.332683 1216.259608 2.145740 998.734233 9.499895 4.096245 0.570587 0.161938 5.397881 18.691106 0.193566 0.004609 
MP77 85.304562 0.208495 0.244412 0.016996 1174018.370698 1270557.749792 96539.379094 120.112751 135.881029 1.386997 137.268027 19993.054582 17054.987643 0.419458 0.332850 1186.460820 2.146824 998.731758 9.499895 4.357174 0.565781 0.166089 5.672475 18.703914 0.188822 0.004611 
MP78 84.886338 0.237056 0.279263 0.013936 1174670.886263 1271211.314321 96540.428058 120.102576 110.644313 1.369887 112.014200 16392.075784 13914.632870 0.419395 0.272935 1186.233145 1.760308 998.730096 6.499991 4.783452 0.558801 0.136213 5.677816 18.713279 0.188794 0.003781 
MP79 85.352355 0.242238 0.283810 0.013941 1174627.307547 1271164.743933 96537.436386 120.098023 108.487917 1.388823 109.876741 16396.862689 13995.108454 0.430035 0.273030 1216.303292 1.760886 998.731817 6.499991 4.563544 0.566526 0.132889 5.400336 18.704325 0.193584 0.003783 
MP80 85.709187 0.253022 0.295210 0.013944 1174676.844939 1271205.339981 96528.495042 120.102612 106.494168 1.381410 107.875578 16401.234057 14057.364433 0.439952 0.273086 1244.377496 1.761280 998.736315 5.500119 5.360095 0.563502 0.129920 5.159607 18.681092 0.198048 0.003783 
MP81 86.050302 0.251950 0.292794 0.013943 1174788.983148 1271316.528930 96527.545782 120.114186 104.555593 1.386503 105.942096 16402.083997 14114.042747 0.449766 0.273061 1272.196657 1.761204 998.735170 5.500119 5.162400 0.565579 0.127073 4.936901 18.687151 0.202466 0.003783 
MP82 86.219665 0.254756 0.295473 0.013944 1174710.947508 1271246.029636 96535.082128 120.106660 102.396848 1.388084 103.784932 16402.183551 14141.907777 0.460035 0.273089 1301.203069 1.761331 998.731680 5.500119 4.942252 0.566224 0.124250 4.718950 18.705129 0.207089 0.003783 
MP83 86.300217 0.258933 0.300038 0.013935 1174718.837503 1271259.542316 96540.704814 120.107120 100.238871 1.387453 101.626324 16391.230291 14145.667377 0.469931 0.272905 1329.194720 1.760146 998.732781 5.500119 4.722183 0.565966 0.121551 4.522315 18.699456 0.211543 0.003781 
MP84 86.281688 0.263553 0.305456 0.013932 1174604.196565 1271147.414262 96543.217697 120.095247 98.067367 1.397972 99.465339 16386.190284 14138.281585 0.479913 0.272861 1357.363729 1.759777 998.733622 5.500119 4.500734 0.570258 0.119004 4.336135 18.694978 0.216037 0.003780 
MP85 86.145264 0.265904 0.308669 0.013930 1174691.485799 1271237.636294 96546.150495 120.104174 95.889058 1.408833 97.297891 16385.515628 14115.345631 0.489790 0.272819 1385.349888 1.759575 998.733203 4.499958 5.278753 0.574688 0.116586 4.163022 18.697256 0.220483 0.003780 
MP86 85.668676 0.275408 0.321481 0.013954 1174614.935434 1271161.977504 96547.042070 120.097179 93.506314 1.417720 94.924034 16411.741282 14059.721428 0.500075 0.273281 1414.398913 1.762498 998.730738 4.499958 5.035762 0.578313 0.114382 3.993527 18.709912 0.225113 0.003786 
MP87 85.308646 0.269429 0.315829 0.013952 1174705.933425 1271245.612696 96539.679271 120.107321 91.284389 1.430319 92.714708 16411.361788 14000.310490 0.509806 0.273242 1441.983903 1.762322 998.723390 4.499958 4.809171 0.583453 0.112182 3.842523 18.747935 0.229493 0.003786 
MP88 84.853942 0.274783 0.323830 0.013948 1174678.056553 1271217.936239 96539.879686 120.104391 88.975710 1.437958 90.413668 16405.725925 13920.905112 0.519822 0.273158 1470.295971 1.761760 998.723245 4.499958 4.573733 0.586568 0.109987 3.695877 18.748648 0.234002 0.003784 
MP89 83.087361 0.325664 0.391954 0.010951 1175468.451242 1272010.960318 96542.509077 120.124189 68.073717 1.445402 69.519119 12883.131506 10704.253964 0.519802 0.214453 1470.359480 1.383249 998.724993 1.500054 5.442064 0.589605 0.086353 3.698038 18.740572 0.233993 0.002971 
MP90 83.643041 0.321602 0.384493 0.010956 1175562.098862 1272106.160463 96544.061601 120.133592 69.945823 1.429560 71.375384 12890.328548 10781.862811 0.509934 0.214547 1442.503012 1.383910 998.727093 2.499925 4.633110 0.583143 0.088062 3.842542 18.729850 0.229551 0.002972 
MP91 83.893170 0.322563 0.384493 0.010966 1175358.224847 1271900.944448 96542.719601 120.113637 71.636243 1.420936 73.057180 12899.284420 10821.618643 0.500074 0.214751 1414.492680 1.385110 998.721324 2.499925 4.805498 0.579625 0.089884 3.995562 18.759361 0.225112 0.002975 
MP92 84.289302 0.315473 0.374274 0.010958 1175462.684707 1272005.483662 96542.798955 120.124075 73.498826 1.408482 74.907308 12891.159704 10865.868587 0.489696 0.214587 1385.197312 1.384116 998.722056 2.499925 4.995443 0.574545 0.091719 4.166720 18.755715 0.220440 0.002973 
MP93 84.399333 0.306738 0.363437 0.010962 1175499.030672 1272045.442760 96546.412088 120.126996 75.175127 1.404369 76.579496 12896.239473 10884.340150 0.479811 0.214662 1357.253535 1.384618 998.729221 2.499925 5.166391 0.572867 0.093641 4.340162 18.718793 0.215991 0.002974 
MP94 84.625172 0.310834 0.367307 0.010958 1175501.047891 1272047.331216 96546.283325 120.126953 76.986259 1.393441 78.379701 12892.121505 10909.980013 0.469895 0.214594 1329.204299 1.384174 998.730772 2.499925 5.351089 0.568409 0.095587 4.525270 18.710780 0.211527 0.002973 
MP95 84.602027 0.303521 0.358763 0.010960 1175491.762793 1272029.908819 96538.146027 120.126369 78.685813 1.377652 80.063465 12893.668847 10908.305158 0.459944 0.214622 1301.050875 1.384351 998.727952 3.500087 4.524247 0.561969 0.097668 4.723209 18.725320 0.207047 0.002973 
MP96 84.271368 0.313231 0.371693 0.010966 1175523.952272 1272063.823751 96539.871479 120.129951 80.234653 1.370105 81.604758 12901.659645 10872.405122 0.449765 0.214745 1272.276559 1.385170 998.726463 3.500087 4.682196 0.558890 0.099936 4.939412 18.733048 0.202465 0.002975 
MP97 84.265915 0.309321 0.367077 0.010947 1175491.864289 1272033.439458 96541.575168 120.126400 81.933719 1.356215 83.289934 12878.365726 10852.072669 0.439847 0.214367 1244.203893 1.382710 998.725853 3.500087 4.855466 0.553224 0.102009 5.164682 18.736162 0.198001 0.002970 
MP98 83.915717 0.290888 0.346643 0.010967 1175417.217388 1271957.118223 96539.900835 120.118833 83.639460 1.355000 84.994461 12901.066370 10826.022314 0.430005 0.214765 1216.325125 1.385231 998.728359 3.500087 5.029417 0.552729 0.104537 5.403793 18.723134 0.193570 0.002975 
MP99 83.689572 0.283384 0.338613 0.010951 1175463.361190 1272000.750009 96537.388819 120.123156 85.365606 1.332311 86.697918 12883.470378 10782.121188 0.419839 0.214460 1187.591069 1.383291 998.729315 3.500087 5.205448 0.543473 0.106917 5.668665 18.718245 0.188994 0.002971 
