MP_Name eta e.eta f.eta Q_A p_Duese_rel p_Duese_abs p_amb H_tot M_Generator M_Lager M_mech P_hyd P_mech ku kcm n_rpm v_ME rho Masse_Aufgelegt Masse_Generator_Sensor Masse_Lager_Sensor phi psi T_Water n_ED Q_ED 
[] [%] [%] [%] [m^3/s] [Pa(r)] [Pa(a)] [Pa(a)] [m] [Nm] [Nm] [Nm] [W] [W] [-] [-] [rpm] [m/s] [kg/m^3] [kg] [kg] [kg] [-] [-] [°C] [-] [-] 
MP01 85.139691 0.163307 0.191810 0.035075 1167167.822727 1262773.239438 95605.416710 120.150015 226.436982 1.815920 228.252903 41282.861305 35148.100555 0.519786 0.686801 1470.472588 4.430434 998.975636 18.999977 4.091935 0.740746 0.276559 3.670438 17.383845 0.233986 0.009515 
MP02 85.691911 0.162181 0.189260 0.035068 1167138.913230 1262740.981002 95602.067772 120.145656 232.382261 1.803757 234.186018 41273.093446 35367.702517 0.509792 0.686670 1442.172698 4.429510 998.983932 18.999977 4.698231 0.735784 0.281928 3.815776 17.337389 0.229487 0.009513 
MP03 86.168225 0.167206 0.194046 0.035076 1167074.621769 1262676.847816 95602.226047 120.139926 238.364624 1.798571 240.163195 41279.741472 35570.020670 0.499960 0.686832 1414.324442 4.430450 998.980514 20.000139 4.308147 0.733669 0.287540 3.967317 17.356447 0.225061 0.009516 
MP04 86.515449 0.161947 0.187188 0.035055 1167036.156154 1262638.339788 95602.183634 120.134991 244.238232 1.783950 246.022182 41254.326327 35691.365600 0.489728 0.686452 1385.352460 4.427909 998.979339 20.000139 4.907134 0.727705 0.293385 4.134858 17.362970 0.220455 0.009510 
MP05 86.619780 0.163366 0.188601 0.035080 1166960.305162 1262562.377278 95602.072117 120.128676 249.772365 1.762423 251.534788 41280.569979 35757.138746 0.479891 0.686944 1357.488265 4.430961 998.978926 21.000010 4.471631 0.718923 0.299613 4.306069 17.365180 0.216027 0.009517 
MP06 86.732424 0.162697 0.187584 0.035064 1167026.326678 1262625.177523 95598.850845 120.134688 255.331385 1.770699 257.102084 41263.630122 35788.946477 0.469905 0.686611 1329.274578 4.428928 998.977329 21.999881 4.038666 0.722299 0.305832 4.491061 17.374187 0.211532 0.009513 
MP07 86.665967 0.161224 0.186030 0.035075 1166865.297120 1262461.606888 95596.309768 120.118798 260.633114 1.787203 262.420317 41272.188422 35768.941140 0.460155 0.686889 1301.607406 4.430428 998.978405 21.999881 4.579333 0.729032 0.312439 4.683365 17.367958 0.207143 0.009516 
MP08 86.479563 0.159953 0.184961 0.035040 1166984.993003 1262578.821394 95593.828391 120.129098 265.811474 1.810257 267.621731 41233.920452 35658.914300 0.449804 0.686165 1272.383777 4.425944 998.977520 23.000042 4.107258 0.738436 0.319291 4.901474 17.373050 0.202483 0.009506 
MP09 86.044242 0.158646 0.184377 0.035093 1166944.253437 1262536.476069 95592.222632 120.127941 270.842235 1.815347 272.657582 41295.598125 35532.484590 0.439933 0.687201 1244.455522 4.432607 998.977589 23.000042 4.620292 0.740512 0.326948 5.123762 17.372608 0.198040 0.009521 
MP10 85.627636 0.169291 0.197706 0.035084 1166792.934129 1262383.084963 95590.150835 120.112052 275.695525 1.837728 277.533253 41280.244934 35347.297850 0.429981 0.687082 1216.221215 4.431546 998.977271 23.999914 4.115356 0.749642 0.334458 5.363724 17.374188 0.193559 0.009519 
MP11 85.130304 0.153733 0.180586 0.035084 1166849.949286 1262439.197543 95589.248257 120.117808 281.063769 1.821453 282.885222 41281.892354 35143.400502 0.419402 0.687060 1186.328335 4.431509 998.977672 23.999914 4.662806 0.743003 0.342883 5.637711 17.372017 0.188797 0.009519 
MP12 85.898139 0.159845 0.186086 0.032051 1168574.793957 1264162.283023 95587.489065 120.128469 258.531405 1.776515 260.307920 37716.326107 32397.622277 0.420149 0.627635 1188.494394 4.048403 998.975719 21.999881 4.365002 0.724672 0.312670 5.625494 17.385145 0.189134 0.008696 
MP13 86.359968 0.168933 0.195614 0.032054 1168590.891800 1264175.688487 95584.796687 120.130304 253.932831 1.782486 255.715317 37720.451354 32575.369677 0.430038 0.627690 1216.477253 4.048785 998.975431 21.999881 3.896042 0.727107 0.305506 5.369738 17.386769 0.193585 0.008696 
MP14 86.667754 0.164810 0.190163 0.032051 1168557.874387 1264143.794060 95585.919673 120.127054 249.075763 1.760901 250.836665 37715.739501 32687.384509 0.439916 0.627638 1244.401529 4.048398 998.973090 21.000010 4.400592 0.718303 0.298622 5.131316 17.399798 0.198032 0.008696 
MP15 86.951236 0.163682 0.188246 0.032063 1168653.358507 1264239.881575 95586.523068 120.137124 244.532725 1.757295 246.290020 37733.188474 32809.473715 0.449692 0.627848 1272.107555 4.049921 998.975650 21.000010 3.937296 0.716832 0.292228 4.910622 17.385629 0.202432 0.008698 
MP16 87.260460 0.167098 0.191494 0.032076 1168490.987896 1264076.587892 95585.599996 120.121457 239.907357 1.750327 241.657683 37743.459530 32935.116296 0.460097 0.628143 1301.457456 4.051560 998.973718 20.000139 4.465474 0.713989 0.285753 4.690992 17.396208 0.207116 0.008703 
MP17 87.300473 0.164789 0.188761 0.032064 1168385.666513 1263972.698962 95587.032449 120.110148 234.842429 1.736970 236.579398 37725.967084 32934.947780 0.469993 0.627941 1329.387032 4.050066 998.973213 20.000139 3.948956 0.708541 0.279647 4.495550 17.398894 0.211571 0.008700 
MP18 87.169296 0.167753 0.192445 0.032065 1168451.495088 1264036.762124 95585.267035 120.117137 229.671172 1.728202 231.399375 37729.451170 32888.496974 0.479822 0.627945 1357.229301 4.050211 998.971459 18.999977 4.421756 0.704964 0.273920 4.313249 17.408759 0.215996 0.008700 
MP19 87.091659 0.170373 0.195625 0.032040 1168471.592294 1264055.799632 95584.207337 120.117931 224.597854 1.720339 226.318193 37699.684441 32833.280500 0.489770 0.627444 1385.371318 4.046991 998.970865 18.999977 3.904382 0.701757 0.268142 4.139866 17.412094 0.220474 0.008693 
MP20 86.786107 0.176272 0.203111 0.032043 1168404.029842 1263985.782383 95581.752542 120.111208 219.188363 1.711579 220.899942 37701.318456 32719.506435 0.500058 0.627524 1414.433465 4.047394 998.970793 18.000106 4.352596 0.698183 0.262659 3.971262 17.412400 0.225105 0.008694 
MP21 86.317874 0.167459 0.194003 0.032057 1168396.537750 1263977.144718 95580.606967 120.111155 213.834662 1.698745 215.533407 37717.777978 32557.184134 0.509966 0.627798 1442.459488 4.049162 998.970945 18.000106 3.806629 0.692948 0.257668 3.818418 17.411539 0.229566 0.008698 
MP22 85.781686 0.167292 0.195020 0.032043 1168313.533265 1263893.971602 95580.438337 120.101990 208.366150 1.691201 210.057351 37698.010621 32337.989117 0.519758 0.627541 1470.098749 4.047350 998.970471 16.999945 4.249114 0.689871 0.252711 3.675929 17.414075 0.233973 0.008694 
MP23 86.489790 0.179552 0.207599 0.029025 1169612.497604 1265189.851451 95577.353847 120.084740 190.080152 1.661688 191.741840 34143.335986 29530.499567 0.520009 0.568491 1470.704042 3.666240 998.970126 14.999912 4.384352 0.677832 0.228820 3.676989 17.417663 0.234086 0.007876 
MP24 87.042477 0.177638 0.204082 0.029042 1169431.863720 1265008.803884 95576.940165 120.067032 195.189534 1.654547 196.844081 34157.827381 29731.819118 0.510021 0.568858 1442.349484 3.668335 998.970554 16.000073 3.905243 0.674919 0.233452 3.822386 17.415042 0.229590 0.007881 
MP25 87.414600 0.181439 0.207561 0.029049 1169550.580450 1265125.927599 95575.347149 120.079826 200.054172 1.655717 201.709889 34170.097398 29869.654080 0.499999 0.568973 1414.081318 3.669272 998.967840 16.000073 4.401336 0.675396 0.238180 3.977151 17.430315 0.225079 0.007883 
MP26 87.637863 0.175901 0.200713 0.029058 1169492.654533 1265066.985006 95574.330473 120.074191 204.858032 1.650039 206.508071 34179.012179 29953.755835 0.489768 0.569160 1385.114376 3.670397 998.969038 16.000073 4.891230 0.673080 0.243235 4.145029 17.423564 0.220473 0.007885 
MP27 87.775074 0.175053 0.199433 0.029053 1169538.599437 1265112.668186 95574.068749 120.078787 209.378448 1.626353 211.004801 34174.440055 29996.639975 0.480008 0.569052 1357.536940 3.669770 998.967858 16.999945 4.352348 0.663418 0.248134 4.315321 17.430195 0.216079 0.007884 
MP28 87.805251 0.173371 0.197450 0.029063 1169476.064775 1265049.982331 95573.917556 120.072822 214.011108 1.611213 215.622321 34183.761102 30015.137364 0.470030 0.569250 1329.284684 3.670952 998.968063 18.000106 3.824623 0.657242 0.253489 4.500462 17.428973 0.211588 0.007887 
MP29 87.923847 0.171703 0.195287 0.029047 1169450.751129 1265026.686650 95575.935522 120.069738 218.797224 1.592575 220.389798 34164.085441 30038.378095 0.460224 0.568945 1301.536566 3.668941 998.965944 18.000106 4.312708 0.649639 0.258752 4.694311 17.440744 0.207174 0.007882 
MP30 87.614568 0.172499 0.196884 0.029052 1169343.070360 1264916.586994 95573.516635 120.058946 223.113848 1.574217 224.688065 34166.878067 29935.162685 0.449889 0.569068 1272.251585 3.669570 998.966235 18.000106 4.752915 0.642151 0.264753 4.912454 17.438982 0.202521 0.007884 
MP31 87.287344 0.180966 0.207322 0.029049 1169297.144748 1264868.611652 95571.466903 120.054259 227.251792 1.569854 228.821646 34162.420638 29819.469775 0.440063 0.569028 1244.440663 3.669239 998.965183 18.999977 4.175029 0.640371 0.270646 5.134280 17.444769 0.198098 0.007884 
MP32 86.789130 0.172721 0.199012 0.029060 1169418.294898 1264983.004315 95564.709416 120.067511 231.312626 1.578590 232.891216 34178.633877 29663.338927 0.430086 0.569206 1216.293278 3.670586 998.962006 18.999977 4.589151 0.643935 0.277011 5.375238 17.462581 0.193607 0.007886 
MP33 86.353047 0.169111 0.195836 0.029050 1169357.038395 1264918.820412 95561.782017 120.060863 235.768722 1.561283 237.330005 34165.487814 29502.939623 0.419771 0.569034 1187.091033 3.669380 998.961532 20.000139 4.043419 0.636875 0.283732 5.642657 17.465127 0.188964 0.007884 
MP34 86.522837 0.172615 0.199502 0.026080 1171294.434444 1266854.585546 95560.151103 120.125195 212.279901 1.512855 213.792755 30688.870962 26552.881805 0.419279 0.510719 1186.014667 3.294219 998.963527 16.999945 4.648236 0.617120 0.254954 5.662258 17.456512 0.188742 0.007076 
MP35 87.075858 0.185273 0.212772 0.026028 1171371.406894 1266931.087072 95559.680178 120.131060 207.885023 1.519971 209.404994 30629.534852 26670.930340 0.429956 0.509695 1216.249047 3.287694 998.961881 16.999945 4.200049 0.620023 0.248124 5.384607 17.465762 0.193548 0.007062 
MP36 87.523959 0.182576 0.208601 0.026031 1171365.404960 1266924.994461 95559.589501 120.130808 204.256485 1.505861 205.762346 30631.817992 26810.179967 0.439853 0.509736 1244.243006 3.287954 998.959590 16.999945 3.830013 0.614267 0.242560 5.145024 17.478479 0.198003 0.007062 
MP37 87.994560 0.180765 0.205428 0.026011 1171343.190879 1266904.138829 95560.947950 120.127868 200.661392 1.498769 202.160161 30607.696131 26933.107481 0.449749 0.509354 1272.220153 3.285449 998.958198 16.000073 4.463260 0.611374 0.237045 4.921139 17.486185 0.202458 0.007057 
MP38 88.143566 0.187815 0.213079 0.026013 1171318.637701 1266878.380405 95559.742704 120.125383 196.501892 1.497743 197.999635 30609.747277 26980.522775 0.460012 0.509403 1301.239840 3.285736 998.958819 16.000073 4.039076 0.610956 0.231779 4.703987 17.482705 0.207078 0.007057 
MP39 88.188307 0.182615 0.207074 0.026012 1171363.672767 1266923.423265 95559.750497 120.129906 192.394979 1.494506 193.889485 30609.990441 26994.432287 0.469997 0.509378 1329.509129 3.285637 998.959161 14.999912 4.620416 0.609635 0.226844 4.506244 17.480860 0.211573 0.007057 
MP40 88.017109 0.182830 0.207721 0.026020 1171438.387141 1266996.750782 95558.363641 120.137714 188.158012 1.497813 189.655825 30620.997216 26951.716565 0.479713 0.509511 1357.036808 3.286601 998.960353 14.999912 4.188333 0.610984 0.222308 4.325550 17.474333 0.215947 0.007059 
MP41 88.028331 0.185365 0.210574 0.026030 1171337.655078 1266892.416395 95554.761317 120.127707 184.333950 1.513979 185.847929 30630.566219 26963.576122 0.489778 0.509734 1385.450930 3.287897 998.961675 14.000041 4.798228 0.617579 0.217834 4.149582 17.466849 0.220477 0.007062 
MP42 87.878808 0.192548 0.219106 0.026007 1171444.413999 1266999.996904 95555.582906 120.137745 180.109179 1.513167 181.622346 30605.621739 26895.855649 0.499893 0.509255 1414.123912 3.284949 998.960608 14.000041 4.367389 0.617248 0.213226 3.983380 17.472920 0.225031 0.007055 
MP43 87.192344 0.187003 0.214472 0.026055 1171395.225827 1266950.388576 95555.162749 120.134979 175.491847 1.538880 177.030728 30662.192219 26735.083992 0.509799 0.510215 1442.129566 3.291102 998.959006 14.000041 3.896516 0.627737 0.209477 3.830016 17.481752 0.229490 0.007069 
MP44 86.768301 0.187210 0.215759 0.026010 1171362.549793 1266917.614213 95555.064420 120.129875 170.903492 1.575018 172.478510 30607.703406 26557.784290 0.519795 0.509341 1470.375403 3.285397 998.957792 12.999879 4.428760 0.642478 0.205097 3.684182 17.488449 0.233990 0.007057 
MP45 86.841993 0.196421 0.226182 0.023014 1172512.582136 1268065.104545 95552.522409 120.127789 151.136569 1.595154 152.731723 27081.906681 23518.467374 0.519827 0.450680 1470.453002 2.906992 998.957851 11.000137 4.412683 0.650691 0.181465 3.687410 17.489585 0.234004 0.006244 
MP46 87.459834 0.198905 0.227425 0.022994 1172451.890063 1267997.821885 95545.931822 120.120852 155.018554 1.638796 156.657350 27055.719178 23662.887206 0.509928 0.450284 1442.408725 2.904350 998.957507 12.000008 3.808694 0.668494 0.184825 3.831993 17.491397 0.229548 0.006238 
MP47 88.053676 0.201770 0.229145 0.022983 1172386.614733 1267932.505103 95545.890370 120.113798 159.182678 1.613178 160.795856 27041.974442 23811.452428 0.499937 0.450095 1414.107475 2.903045 998.957539 12.000008 4.233349 0.658044 0.188439 3.986689 17.491135 0.225051 0.006236 
MP48 88.278090 0.199567 0.226067 0.022974 1172446.068755 1267991.498438 95545.429683 120.119457 162.909982 1.614619 164.524601 27032.549285 23863.818070 0.489670 0.449906 1385.097881 2.901894 998.958126 12.000008 4.613458 0.658632 0.192309 4.155641 17.487953 0.220429 0.006233 
MP49 88.110810 0.193100 0.219155 0.023009 1172424.936962 1267969.616926 95544.679964 120.118725 166.230628 1.615292 167.845920 27073.545218 23854.720009 0.479799 0.450592 1357.172077 2.906316 998.957155 12.999879 3.952224 0.658906 0.196565 4.328343 17.493311 0.215985 0.006243 
MP50 88.187613 0.190696 0.216239 0.023005 1172397.386200 1267939.501736 95542.115536 120.115764 169.896314 1.620074 171.516389 27067.701328 23870.359673 0.469845 0.450512 1328.999206 2.905760 998.957018 12.999879 4.326049 0.660857 0.200694 4.513692 17.494029 0.211504 0.006242 
MP51 88.260519 0.189824 0.215072 0.022981 1172393.330756 1267932.260944 95538.930188 120.114451 173.527943 1.621784 175.149728 27039.878885 23865.537555 0.460008 0.450056 1301.167290 2.902805 998.957221 12.999879 4.696400 0.661554 0.204778 4.708836 17.492891 0.207076 0.006235 
MP52 87.957208 0.190833 0.216961 0.022999 1172386.130404 1267922.081597 95535.951192 120.114781 177.035723 1.615329 178.651052 27060.242487 23801.433683 0.449780 0.450395 1272.239639 2.904993 998.953741 14.000041 4.053959 0.658921 0.209592 4.925392 17.512172 0.202472 0.006240 
MP53 87.662211 0.190145 0.216907 0.022995 1172453.796487 1267987.300383 95533.503897 120.121258 180.425638 1.595673 182.021311 27056.917346 23718.691913 0.439906 0.450302 1244.342337 2.904473 998.956045 14.000041 4.399661 0.650903 0.214253 5.149001 17.499478 0.198027 0.006239 
MP54 87.194875 0.184460 0.211549 0.023012 1172438.384075 1267968.636281 95530.252206 120.120045 183.777858 1.621126 185.398984 27077.136210 23609.875022 0.429912 0.450644 1216.067609 2.906665 998.958463 14.000041 4.741518 0.661286 0.219400 5.391139 17.486034 0.193528 0.006243 
MP55 86.772337 0.176418 0.203312 0.022991 1172368.804357 1267898.504644 95529.700287 120.112236 187.111097 1.614868 188.725965 27050.652942 23472.483671 0.419889 0.450248 1187.678165 2.904013 998.957791 14.999912 4.081569 0.658733 0.224439 5.651620 17.489673 0.189017 0.006238 
MP56 86.618009 0.192409 0.222136 0.020001 1173623.813764 1269152.162151 95528.348387 120.135935 162.410215 1.566926 163.977141 23537.731289 20387.914211 0.419715 0.391661 1187.301099 2.526389 998.956608 12.000008 4.562492 0.639177 0.195316 5.661271 17.497839 0.188938 0.005426 
MP57 87.163138 0.204630 0.234766 0.019986 1173537.106035 1269064.641907 95527.535872 120.126667 159.413298 1.571238 160.984535 23518.104401 20499.117893 0.429865 0.391380 1215.968702 2.524479 998.955974 12.000008 4.256868 0.640936 0.190567 5.397082 17.501240 0.193507 0.005422 
MP58 87.448046 0.208771 0.238738 0.019992 1173632.154979 1269157.714117 95525.559138 120.136497 156.319020 1.554341 157.873361 23526.792420 20573.720337 0.439914 0.391476 1244.444002 2.525204 998.956475 12.000008 3.941315 0.634043 0.186260 5.153331 17.498581 0.198031 0.005424 
MP59 87.841274 0.210789 0.239965 0.020002 1173649.793149 1269175.166470 95525.373321 120.138384 153.630825 1.551916 155.182741 23538.973327 20676.934007 0.449783 0.391669 1272.372006 2.526466 998.958467 11.000137 4.667046 0.633054 0.182263 4.929652 17.487550 0.202473 0.005426 
MP60 88.038861 0.208228 0.236518 0.019992 1173650.953385 1269174.006843 95523.053458 120.138367 150.471376 1.533272 152.004648 23527.832456 20713.635707 0.460002 0.391484 1301.280281 2.525275 998.957036 11.000137 4.344847 0.625449 0.178130 4.713069 17.495484 0.207074 0.005424 
MP61 87.952549 0.212903 0.242066 0.020021 1173634.001885 1269157.815833 95523.813948 120.137601 147.342619 1.533071 148.875690 23561.424999 20722.873882 0.469881 0.392047 1329.222176 2.528897 998.956776 9.999975 5.025940 0.625367 0.174636 4.516939 17.496906 0.211521 0.005432 
MP62 87.966292 0.211763 0.240731 0.020003 1173657.021484 1269180.703653 95523.682170 120.139379 144.170881 1.539613 145.710494 23540.047419 20707.306787 0.479724 0.391683 1357.075997 2.526566 998.956540 9.999975 4.702488 0.628035 0.170894 4.333508 17.498245 0.215951 0.005427 
MP63 88.026733 0.215141 0.244405 0.019992 1173569.579728 1269092.535739 95522.956011 120.129951 141.184376 1.538830 142.723206 23525.160419 20708.430248 0.489810 0.391481 1385.555635 2.525163 998.957702 9.999975 4.397926 0.627716 0.167288 4.156877 17.491684 0.220492 0.005424 
MP64 87.532570 0.214541 0.245098 0.020009 1173571.161868 1269092.286028 95521.124160 120.130799 137.621794 1.535067 139.156861 23545.356176 20609.855418 0.499970 0.391813 1414.300533 2.527316 998.956606 9.999975 4.034616 0.626181 0.164028 3.989631 17.497764 0.225066 0.005428 
MP65 87.201753 0.206847 0.237205 0.019995 1173579.449268 1269100.451727 95521.002459 120.131332 134.325056 1.531519 135.856576 23529.490954 20518.128632 0.509835 0.391547 1442.209880 2.525604 998.955539 9.000104 4.698287 0.624734 0.160744 3.836744 17.503688 0.229507 0.005425 
MP66 86.650721 0.215654 0.248877 0.020006 1173543.819905 1269065.053714 95521.233809 120.128048 131.009059 1.535487 132.544546 23541.713523 20399.064533 0.519550 0.391766 1469.669809 2.526985 998.955557 9.000104 4.360124 0.626352 0.157827 3.694596 17.503547 0.233880 0.005428 
MP67 86.218485 0.238601 0.276739 0.016985 1173967.275908 1269484.624433 95517.348525 120.080788 110.374534 1.499375 111.873909 19978.882833 17225.490156 0.519885 0.332673 1470.327762 2.145400 998.952048 7.000071 4.255860 0.611622 0.133935 3.692635 17.523520 0.234030 0.004609 
MP68 86.800309 0.235791 0.271647 0.016978 1174065.121042 1269581.098027 95515.976984 120.090557 113.264527 1.497108 114.761635 19971.964682 17335.727080 0.510025 0.332518 1442.502974 2.144482 998.952205 7.000071 4.550580 0.610697 0.136460 3.836784 17.522770 0.229592 0.004607 
MP69 87.125747 0.235135 0.269880 0.016986 1174032.414650 1269546.767014 95514.352365 120.087311 116.055051 1.488162 117.543213 19981.108443 17408.690071 0.500059 0.332683 1414.294715 2.145520 998.953320 7.999943 3.835284 0.607047 0.139249 3.991245 17.516547 0.225105 0.004609 
MP70 87.384210 0.230860 0.264190 0.017001 1173977.483402 1269490.492327 95513.008925 120.082527 118.996929 1.484836 120.481765 19997.472112 17474.633110 0.489720 0.332976 1385.026640 2.147370 998.949831 7.999943 4.135295 0.605691 0.142314 4.161532 17.535795 0.220451 0.004613 
MP71 87.619997 0.232032 0.264817 0.016985 1174102.188322 1269616.308997 95514.120675 120.094673 121.705073 1.481124 123.186197 19981.234050 17507.556679 0.479847 0.332655 1357.171949 2.145406 998.951122 7.999943 4.411470 0.604177 0.145102 4.334563 17.528812 0.216007 0.004609 
MP72 87.637492 0.227581 0.259685 0.016980 1174104.474353 1269618.356031 95513.881677 120.094603 124.293787 1.486340 125.780127 19975.459466 17505.991688 0.469909 0.332559 1329.064541 2.144785 998.952516 7.999943 4.675465 0.606304 0.148128 4.519841 17.521095 0.211533 0.004607 
MP73 87.609059 0.228471 0.260785 0.016990 1173970.368170 1269482.704479 95512.336309 120.081101 127.024571 1.484184 128.508755 19984.347063 17508.098403 0.460013 0.332763 1301.001042 2.145979 998.953122 9.000104 3.953788 0.605425 0.151407 4.716394 17.517562 0.207079 0.004610 
MP74 87.328824 0.227749 0.260795 0.016998 1174002.186312 1269512.846072 95510.659760 120.084297 129.581019 1.469909 131.050928 19995.172626 17461.549171 0.449884 0.332929 1272.371849 2.147079 998.955565 9.000104 4.214493 0.599602 0.154893 4.931148 17.504060 0.202519 0.004613 
MP75 87.004048 0.236274 0.271567 0.016994 1174008.296014 1269516.583488 95508.287473 120.084809 132.038368 1.459268 133.497636 19990.770652 17392.779660 0.439898 0.332853 1244.132976 2.146597 998.955620 9.000104 4.465092 0.595261 0.158374 5.157565 17.503755 0.198024 0.004611 
MP76 86.427402 0.234240 0.271025 0.017008 1173967.549136 1269473.770355 95506.221219 120.081508 134.303535 1.466367 135.769902 20006.184524 17290.825452 0.430007 0.333125 1216.140084 2.148320 998.951603 9.999975 3.696222 0.598157 0.162149 5.397564 17.525955 0.193571 0.004615 
MP77 86.144931 0.215265 0.249888 0.016984 1174038.024473 1269541.013225 95502.988751 120.088047 136.916201 1.458563 138.374763 19978.630239 17210.577184 0.419942 0.332639 1187.708669 2.145244 998.951457 9.999975 3.962660 0.594974 0.165793 5.659412 17.526847 0.189040 0.004609 
MP78 85.545232 0.246379 0.288011 0.013953 1174741.581682 1270240.705645 95499.123963 120.083900 111.460809 1.415021 112.875831 16412.345171 14039.978753 0.419976 0.273276 1187.782367 1.762373 998.948826 7.000071 4.366638 0.577212 0.136195 5.662115 17.542293 0.189055 0.003786 
MP79 85.627767 0.250249 0.292253 0.013968 1174661.899945 1270159.048275 95497.148330 120.076209 109.024309 1.433075 110.457383 16428.938634 14067.733354 0.430033 0.273579 1216.188125 1.764269 998.947974 7.000071 4.118165 0.584577 0.133157 5.400349 17.546902 0.193583 0.003790 
MP80 86.055963 0.253936 0.295083 0.013981 1174736.630768 1270231.589843 95494.959076 120.083842 107.192209 1.423796 108.616004 16446.172601 14152.912193 0.439957 0.273839 1244.295044 1.766003 998.950546 5.999910 4.931489 0.580791 0.130277 5.159447 17.532760 0.198050 0.003794 
MP81 86.388936 0.260531 0.301579 0.013964 1174655.397584 1270146.259779 95490.862195 120.075288 105.067550 1.421108 106.488658 16424.188176 14188.681470 0.449897 0.273503 1272.360177 1.763770 998.949371 5.999910 4.714818 0.579695 0.127242 4.934012 17.539149 0.202525 0.003789 
MP82 86.657192 0.264465 0.305185 0.013949 1174653.538857 1270140.851016 95487.312159 120.074901 102.887698 1.428264 104.315961 16406.446184 14217.365501 0.460196 0.273209 1301.486732 1.761873 998.948172 5.999910 4.492518 0.582614 0.124261 4.715641 17.545770 0.207161 0.003785 
MP83 86.615051 0.266339 0.307497 0.013947 1174697.630479 1270182.251158 95484.620679 120.079257 100.634562 1.433166 102.067728 16404.875411 14209.091274 0.470051 0.273168 1329.380299 1.761639 998.949029 5.999910 4.262744 0.584614 0.121637 4.519992 17.541076 0.211597 0.003785 
MP84 86.389322 0.253840 0.293833 0.013957 1174842.504994 1270323.760300 95481.255306 120.094589 98.367113 1.440553 99.807666 16419.122226 14184.368307 0.479828 0.273353 1357.117602 1.762948 998.946472 5.999910 4.031511 0.587627 0.119240 4.337663 17.555390 0.215998 0.003787 
MP85 86.167473 0.267833 0.310829 0.013965 1174637.582346 1270116.121270 95478.538924 120.073593 96.117472 1.443812 97.561283 16425.513767 14153.450150 0.489849 0.273531 1385.339436 1.763939 998.948592 5.000039 4.801965 0.588956 0.116876 4.161997 17.543402 0.220509 0.003790 
MP86 85.951757 0.272557 0.317105 0.013978 1174661.359650 1270138.923386 95477.563736 120.076359 93.977004 1.449662 95.426665 16441.605679 14131.848884 0.500036 0.273789 1414.166745 1.765627 998.948306 5.000039 4.583681 0.591343 0.114603 3.994126 17.545014 0.225095 0.003793 
MP87 85.561149 0.275944 0.322511 0.013961 1174605.739357 1270082.796083 95477.056726 120.070571 91.562705 1.457084 93.019789 16420.749518 14049.781981 0.510008 0.273463 1442.333254 1.763476 998.945991 5.000039 4.337473 0.594370 0.112228 3.839479 17.557741 0.229584 0.003789 
MP88 85.221976 0.275145 0.322857 0.013945 1174658.287040 1270131.505285 95473.218245 120.075744 89.292978 1.472644 90.765622 16402.009806 13978.116886 0.519997 0.273133 1470.613885 1.761391 998.944463 5.000039 4.106007 0.600717 0.109940 3.693399 17.566235 0.234081 0.003784 
MP89 83.194627 0.331827 0.398856 0.010968 1175401.994904 1270870.514086 95468.519182 120.091191 68.245577 1.466653 69.712230 12901.980740 10733.754703 0.519862 0.214808 1470.327479 1.385347 998.945629 2.000135 4.959509 0.598274 0.086486 3.697173 17.560733 0.234020 0.002976 
MP90 83.612493 0.324310 0.387873 0.010985 1175402.149110 1270867.211111 95465.062002 120.091433 70.078458 1.461793 71.540251 12922.137180 10804.521003 0.509918 0.215142 1442.203152 1.387508 998.946289 3.000006 4.146555 0.596291 0.088310 3.842774 17.557076 0.229544 0.002981 
MP91 83.918808 0.323563 0.385567 0.010995 1175491.557927 1270954.927888 95463.369960 120.100234 71.844844 1.448614 73.293459 12935.238679 10855.098091 0.500032 0.215336 1414.294717 1.388807 998.950532 3.000006 4.326690 0.590915 0.090137 3.996217 17.533718 0.225093 0.002983 
MP92 84.319544 0.316362 0.375194 0.010996 1175319.671962 1270780.888576 95461.216614 120.083060 73.737267 1.442897 75.180164 12934.406814 10906.232815 0.489814 0.215369 1385.296946 1.388920 998.947556 3.000006 4.519678 0.588583 0.092031 4.164673 17.549955 0.220494 0.002984 
MP93 84.649318 0.311743 0.368276 0.010982 1175439.559428 1270900.678868 95461.119440 120.095982 75.504481 1.444909 76.949390 12919.484730 10936.255680 0.479844 0.215087 1357.171886 1.387179 998.939820 3.000006 4.699897 0.589404 0.093820 4.339549 17.592822 0.216006 0.002980 
MP94 84.935479 0.317537 0.373856 0.010965 1175492.471286 1270955.137605 95462.666319 120.101147 77.275758 1.428988 78.704746 12899.297358 10956.080001 0.469982 0.214738 1329.308109 1.384953 998.939177 3.000006 4.880531 0.582909 0.095633 4.523586 17.596444 0.211566 0.002975 
MP95 84.817501 0.307375 0.362396 0.010979 1175388.590842 1270848.733716 95460.142875 120.089704 78.950179 1.416615 80.366794 12915.161776 10954.317426 0.460211 0.215030 1301.607544 1.386776 998.948299 3.999877 4.051417 0.577862 0.097797 4.717715 17.545934 0.207168 0.002979 
MP96 84.695875 0.307011 0.362486 0.010984 1175414.453839 1270870.569346 95456.115507 120.091888 80.720416 1.415088 82.135504 12920.729421 10943.324858 0.449845 0.215116 1272.300638 1.387342 998.952761 3.999877 4.231944 0.577240 0.100091 4.937646 17.521263 0.202501 0.002980 
MP97 84.539535 0.304565 0.360263 0.010981 1175404.935316 1270855.868470 95450.933153 120.090652 82.398889 1.409015 83.807904 12917.333975 10920.254078 0.439941 0.215063 1244.282938 1.386990 998.954543 3.999877 4.403114 0.574762 0.102318 5.162462 17.511362 0.198043 0.002980 
MP98 84.294293 0.297660 0.353120 0.010992 1175502.789247 1270948.311052 95445.521805 120.100871 84.166059 1.403118 85.569178 12931.354447 10900.393828 0.430083 0.215269 1216.455461 1.388377 998.954271 3.999877 4.583329 0.572357 0.104764 5.401806 17.512983 0.193606 0.002982 
MP99 83.891962 0.284326 0.338920 0.011001 1175559.647084 1271002.812206 95443.165122 120.107465 85.887675 1.400631 87.288306 12942.462368 10857.685624 0.419950 0.215437 1187.825322 1.389501 998.949021 3.999877 4.758898 0.571342 0.107376 5.665647 17.542116 0.189044 0.002985 
