MP_Name eta e.eta f.eta Q_A p_Duese_rel p_Duese_abs p_amb H_tot M_Generator M_Lager M_mech P_hyd P_mech ku kcm n_rpm v_ME rho Masse_Aufgelegt Masse_Generator_Sensor Masse_Lager_Sensor phi psi T_Water n_ED Q_ED 
[] [%] [%] [%] [m^3/s] [Pa(r)] [Pa(a)] [Pa(a)] [m] [Nm] [Nm] [Nm] [W] [W] [-] [-] [rpm] [m/s] [kg/m^3] [kg] [kg] [kg] [-] [-] [°C] [-] [-] 
MP01 84.946642 0.174029 0.204868 0.035054 1166053.598090 1262530.306864 96476.708774 120.066953 225.557455 1.859271 227.416726 41217.438988 35012.830499 0.519869 0.686608 1470.199260 4.427661 998.707698 18.999977 4.002242 0.758429 0.276438 3.669282 18.818346 0.234023 0.009513 
MP02 85.460151 0.172936 0.202359 0.035032 1165827.195163 1262305.581767 96478.386603 120.042970 231.135375 1.891038 233.026413 41184.269763 35196.139104 0.510061 0.686263 1442.318775 4.424994 998.704848 18.999977 4.571075 0.771388 0.281612 3.811780 18.832723 0.229608 0.009508 
MP03 85.870615 0.173869 0.202478 0.035006 1165824.425912 1262304.302144 96479.876232 120.041229 236.698113 1.929713 238.627826 41152.131737 35337.588697 0.500094 0.685743 1414.123075 4.421608 998.704266 20.000139 4.138197 0.787164 0.287007 3.965292 18.835706 0.225121 0.009501 
MP04 86.006175 0.173927 0.202226 0.035057 1165760.948315 1262241.943990 96480.995675 120.037846 242.199849 2.083329 244.283178 41210.890342 35443.910332 0.489993 0.686753 1385.541217 4.428053 998.702674 20.000139 4.699261 0.849827 0.293354 4.130359 18.843805 0.220574 0.009515 
MP05 86.080971 0.168407 0.195638 0.035067 1165805.415554 1262284.168626 96478.753072 120.042879 247.547809 2.122002 249.669811 41224.270583 35486.252358 0.479984 0.686932 1357.267615 4.429302 998.703278 21.000010 4.244772 0.865602 0.299550 4.304394 18.840753 0.216069 0.009517 
MP06 86.213842 0.172452 0.200028 0.035041 1165830.982173 1262311.358681 96480.376508 120.043822 252.971635 2.129186 255.100822 41194.392673 35515.268803 0.470148 0.686425 1329.458027 4.426050 998.704947 21.999881 3.798020 0.868533 0.305591 4.486447 18.832222 0.211641 0.009510 
MP07 86.045861 0.166877 0.193940 0.035067 1165621.377776 1262101.859473 96480.481697 120.024359 258.178741 2.128896 260.307637 41218.118918 35466.485226 0.460148 0.686990 1301.075876 4.429334 998.701114 21.999881 4.329037 0.868414 0.312489 4.683495 18.851641 0.207139 0.009518 
MP08 85.875627 0.167124 0.194612 0.035054 1166434.897038 1262916.314148 96481.417110 120.106784 263.668214 2.103507 265.771722 41231.461846 35407.776218 0.449787 0.686505 1272.217203 4.427731 998.700445 23.000042 3.888690 0.858058 0.319462 4.901806 18.856029 0.202475 0.009511 
MP09 85.583282 0.170943 0.199739 0.035064 1166389.996433 1262871.141721 96481.145288 120.102579 268.765295 2.090814 270.856109 41241.423476 35295.763949 0.439956 0.686706 1244.386620 4.428949 998.701874 23.000042 4.408487 0.852880 0.326697 5.123310 18.848648 0.198050 0.009514 
MP10 85.236073 0.169955 0.199393 0.035044 1166268.386086 1262750.241926 96481.855839 120.089138 273.743410 2.087233 275.830643 41213.231775 35128.540287 0.429998 0.686353 1216.155125 4.426421 998.700883 23.999914 3.916280 0.851419 0.334090 5.363379 18.853590 0.193567 0.009509 
MP11 84.795500 0.162082 0.191145 0.035061 1166430.629325 1262914.972749 96484.343424 120.106572 279.309472 2.060467 281.369939 41239.965976 34969.635460 0.419596 0.686648 1186.819821 4.428645 998.702034 23.999914 4.483904 0.840501 0.342519 5.632572 18.847882 0.188884 0.009513 
MP12 85.360472 0.166903 0.195527 0.032046 1168206.632134 1264693.593546 96486.961412 120.123504 257.068608 1.989777 259.058385 37698.185539 32179.349207 0.419340 0.627545 1186.181058 4.047739 998.700258 21.999881 4.215827 0.811665 0.313228 5.647235 18.859079 0.188769 0.008694 
MP13 85.840924 0.174779 0.203608 0.032039 1168238.057135 1264727.141606 96489.084470 120.126685 252.053649 1.995509 254.049158 37691.628615 32354.842327 0.429935 0.627413 1216.166147 4.046938 998.697726 21.999881 3.704404 0.814003 0.305445 5.372357 18.872098 0.193539 0.008692 
MP14 86.298157 0.177983 0.206242 0.032046 1168254.425194 1264741.446840 96487.021646 120.128702 247.691719 1.969838 249.661557 37700.415915 32534.764015 0.439920 0.627543 1244.421108 4.047813 998.697860 21.000010 4.259448 0.803532 0.298574 5.131235 18.871425 0.198034 0.008694 
MP15 86.457115 0.175313 0.202774 0.032030 1168218.500243 1264707.239948 96488.739705 120.124103 242.548735 1.957940 244.506676 37679.751417 32576.826128 0.449784 0.627235 1272.299719 4.045747 998.698512 21.000010 3.734969 0.798678 0.291883 4.908674 18.868048 0.202474 0.008690 
MP16 86.779783 0.176697 0.203615 0.032028 1168179.399368 1264669.778954 96490.379586 120.119932 237.999706 1.942266 239.941972 37676.133216 32695.266755 0.460015 0.627207 1301.217944 4.045496 998.699133 20.000139 4.270933 0.792284 0.285378 4.692758 18.864825 0.207080 0.008690 
MP17 86.840717 0.177656 0.204577 0.032024 1168036.852883 1264528.261789 96491.408906 120.105342 233.086216 1.931860 235.018076 37667.375501 32710.619044 0.469902 0.627176 1329.103735 4.045052 998.697887 20.000139 3.769858 0.788040 0.279360 4.497364 18.871044 0.211530 0.008689 
MP18 86.712344 0.177541 0.204747 0.032032 1168058.817539 1264554.094163 96495.276624 120.107979 227.983277 1.925481 229.908758 37677.428540 32670.981565 0.479757 0.627323 1356.994380 4.046043 998.698006 18.999977 4.249625 0.785438 0.273685 4.314473 18.870465 0.215967 0.008691 
MP19 86.561339 0.177412 0.204955 0.032048 1168078.473410 1264574.491369 96496.017959 120.110957 223.024950 1.913469 224.938418 37697.375384 32631.352800 0.489758 0.627632 1385.296778 4.048088 998.696949 18.999977 3.743978 0.780538 0.268229 4.140054 18.875906 0.220468 0.008695 
MP20 86.382144 0.183432 0.212350 0.032046 1168171.248691 1264668.426689 96497.177998 120.120273 217.987027 1.898119 219.885146 37697.311861 32563.746203 0.499955 0.627558 1414.196803 4.047767 998.697159 18.000106 4.230085 0.774276 0.262727 3.972888 18.874941 0.225059 0.008694 
MP21 86.061548 0.179225 0.208252 0.032035 1168153.903756 1264653.992176 96500.088420 120.117949 212.868082 1.886885 214.754967 37684.140052 32431.554331 0.509826 0.627357 1442.101828 4.046431 998.697169 18.000106 3.708058 0.769694 0.257558 3.820566 18.874875 0.229502 0.008692 
MP22 85.509205 0.180903 0.211559 0.032049 1167876.148116 1264377.578673 96501.430557 120.090328 207.447885 1.873688 209.321573 37691.941457 32230.079484 0.519870 0.627703 1470.343378 4.048200 998.697075 16.999945 4.155470 0.764310 0.252722 3.674336 18.875035 0.234023 0.008696 
MP23 86.248882 0.186154 0.215834 0.029037 1169285.406298 1265787.401511 96501.995212 120.084493 189.459672 1.814589 191.274261 34147.958188 29452.232041 0.519899 0.568725 1470.391767 3.667744 998.697530 14.999912 4.321076 0.740203 0.228963 3.678526 18.874360 0.234037 0.007879 
MP24 86.867261 0.190391 0.219175 0.029052 1169272.706906 1265775.393309 96502.686403 120.083995 194.620458 1.810567 196.431025 34164.789593 29678.016908 0.510133 0.569009 1442.766920 3.669571 998.696564 16.000073 3.847209 0.738562 0.233463 3.820703 18.879293 0.229640 0.007883 
MP25 87.174976 0.190750 0.218813 0.029039 1169359.986720 1265863.783694 96503.796974 120.092448 199.189794 1.807117 200.996911 34151.792196 29771.816716 0.500103 0.568733 1414.449136 3.667922 998.695241 16.000073 4.313187 0.737155 0.238030 3.975520 18.886169 0.225125 0.007879 
MP26 87.330708 0.188442 0.215780 0.029048 1169322.247878 1265826.449852 96504.201975 120.089048 203.823389 1.808371 205.631759 34162.045856 29833.956510 0.489858 0.568928 1385.453783 3.669127 998.695223 16.000073 4.785718 0.737666 0.243092 4.143530 18.886222 0.220513 0.007882 
MP27 87.356351 0.187629 0.214786 0.029049 1169321.830446 1265824.984423 96503.153977 120.088923 208.172295 1.808431 209.980726 34162.750066 29843.331923 0.479863 0.568940 1357.185648 3.669203 998.696145 16.999945 4.229345 0.737691 0.248160 4.317929 18.881499 0.216014 0.007882 
MP28 87.423730 0.183112 0.209453 0.029060 1169240.532385 1265742.638148 96502.105763 120.081386 212.820516 1.813883 214.634399 34174.021285 29876.204076 0.469991 0.569183 1329.221850 3.670651 998.694283 18.000106 3.703207 0.739915 0.253481 4.501215 18.890931 0.211570 0.007886 
MP29 87.228211 0.181508 0.208084 0.029079 1169285.066328 1265788.890685 96503.824357 120.086631 217.055445 1.812681 218.868126 34197.005091 29829.435905 0.460168 0.569527 1301.469228 3.672954 998.695666 18.000106 4.135082 0.739425 0.259048 4.695402 18.883909 0.207148 0.007890 
MP30 87.003938 0.181780 0.208934 0.029071 1169305.174059 1265807.876480 96502.702422 120.088302 221.421389 1.818374 223.239763 34188.125273 29745.015483 0.449876 0.569368 1272.371783 3.671949 998.695716 18.000106 4.580319 0.741747 0.264900 4.912697 18.883674 0.202516 0.007888 
MP31 86.763285 0.186416 0.214855 0.029054 1169287.504216 1265792.237571 96504.733356 120.085683 225.668253 1.821860 227.490113 34168.238444 29645.485940 0.439999 0.569055 1244.421279 3.669892 998.696082 18.999977 4.013541 0.743169 0.270698 5.135781 18.881785 0.198069 0.007884 
MP32 86.519204 0.183405 0.211981 0.029049 1169151.578541 1265657.659448 96506.080907 120.071786 230.200354 1.836819 232.037173 34158.441305 29553.611418 0.430064 0.568992 1216.254264 3.669271 998.694285 18.999977 4.475722 0.749271 0.276920 5.375797 18.890823 0.193597 0.007883 
MP33 86.022662 0.175442 0.203948 0.029050 1169209.126026 1265717.202146 96508.076120 120.077661 234.426092 1.828516 236.254609 34161.175861 29386.352828 0.419986 0.568995 1187.782114 3.669383 998.694653 20.000139 3.906498 0.745884 0.283567 5.636886 18.889013 0.189060 0.007883 
MP34 86.508497 0.182073 0.210468 0.026028 1171290.544430 1267800.160309 96509.615879 120.155207 211.336733 1.768707 213.105440 30627.147510 26495.084909 0.419663 0.509640 1187.249952 3.287668 998.691179 16.999945 4.552053 0.721487 0.254182 5.652004 18.909220 0.188915 0.007061 
MP35 86.911550 0.188972 0.217431 0.026039 1171220.993047 1267730.312338 96509.319292 120.148756 207.289350 1.780737 209.070087 30638.363543 26628.276676 0.429925 0.509868 1216.249132 3.289054 998.689623 16.999945 4.139303 0.726394 0.248226 5.385383 18.917092 0.193534 0.007064 
MP36 87.261466 0.192458 0.220553 0.026053 1171194.069592 1267703.826013 96509.756420 120.146617 203.531101 1.751278 205.282379 30654.224441 26749.325625 0.439852 0.510146 1244.321336 3.290816 998.689464 16.999945 3.756039 0.714377 0.242756 5.145015 18.917872 0.198003 0.007068 
MP37 87.478066 0.188773 0.215795 0.026068 1171265.141180 1267775.277711 96510.136532 120.154659 199.616173 1.746602 201.362775 30673.197934 26832.320410 0.449790 0.510411 1272.478419 3.292637 998.688019 16.000073 4.356669 0.712470 0.237516 4.920145 18.925338 0.202477 0.007071 
MP38 87.865906 0.189047 0.215154 0.026027 1171213.773148 1267726.257273 96512.484125 120.147661 195.740300 1.738850 197.479150 30623.759836 26907.844089 0.459940 0.509633 1301.154999 3.287520 998.688316 16.000073 3.961409 0.709308 0.231920 4.705454 18.923768 0.207046 0.007061 
MP39 87.874976 0.190491 0.216774 0.026034 1171160.441635 1267672.486686 96512.045051 120.142392 191.654655 1.737823 193.392478 30630.875035 26916.874196 0.469827 0.509784 1329.096239 3.288425 998.689371 14.999912 4.544919 0.708889 0.227107 4.509480 18.918317 0.211496 0.007063 
MP40 87.726588 0.194397 0.221594 0.026056 1171104.038087 1267616.066578 96512.028491 120.137728 187.466025 1.733517 189.199541 30654.933398 26892.527089 0.479814 0.510215 1357.322091 3.291141 998.687833 14.999912 4.117765 0.707132 0.222568 4.323677 18.926108 0.215992 0.007069 
MP41 87.911504 0.197299 0.224429 0.026038 1171170.096625 1267683.424114 96513.327489 120.143839 183.917579 1.740114 185.657693 30635.176574 26931.844352 0.489670 0.509848 1385.238420 3.288856 998.686725 14.000041 4.755767 0.709823 0.217931 4.151404 18.931841 0.220429 0.007064 
MP42 87.705140 0.192784 0.219809 0.026059 1171176.096158 1267691.672948 96515.576791 120.145066 179.828002 1.748155 181.576157 30660.305812 26890.664242 0.499909 0.510257 1414.210614 3.291512 998.689039 14.000041 4.338714 0.713103 0.213639 3.983062 18.920040 0.225038 0.007069 
MP43 87.262362 0.194273 0.222631 0.026067 1171238.897280 1267756.193302 96517.296022 120.151958 175.446562 1.752233 177.198795 30671.801973 26764.938828 0.509848 0.510405 1442.370636 3.292561 998.687983 14.000041 3.891898 0.714767 0.209535 3.829264 18.925510 0.229512 0.007071 
MP44 86.658009 0.195527 0.225630 0.026072 1171293.543495 1267810.429271 96516.885776 120.157721 170.941278 1.759377 172.700655 30678.781185 26585.620991 0.519611 0.510484 1470.023263 3.293152 998.688106 12.999879 4.432613 0.717681 0.205630 3.686726 18.924943 0.233907 0.007072 
MP45 87.206872 0.206483 0.236774 0.023015 1172289.528527 1268805.525738 96515.997211 120.137710 151.610099 1.746552 153.356651 27077.218338 23613.195199 0.519773 0.450670 1470.359470 2.907042 998.685169 11.000137 4.460973 0.712449 0.181479 3.688184 18.941101 0.233980 0.006244 
MP46 87.775615 0.205460 0.234074 0.023011 1172264.317614 1268779.372067 96515.054453 120.134419 155.574689 1.756009 157.330698 27071.691689 23762.343758 0.509851 0.450594 1442.272045 2.906515 998.689837 12.000008 3.865409 0.716307 0.184980 3.833133 18.917231 0.229513 0.006243 
MP47 88.200022 0.206203 0.233790 0.023032 1172123.017896 1268636.117177 96513.099281 120.121157 159.559789 1.770153 161.329942 27093.174572 23896.186050 0.500040 0.451028 1414.441515 2.909152 998.686633 12.000008 4.271807 0.722077 0.188791 3.984991 18.933427 0.225097 0.006249 
MP48 88.294893 0.206477 0.233849 0.023036 1172043.898587 1268556.093038 96512.194451 120.113312 163.159922 1.777265 164.937187 27097.126697 23925.378926 0.489718 0.451138 1385.197259 2.909767 998.686203 12.000008 4.638946 0.724978 0.192817 4.154750 18.935526 0.220450 0.006250 
MP49 88.086079 0.203485 0.231007 0.023057 1172112.015272 1268625.247533 96513.232261 120.121556 166.323696 1.772551 168.096248 27122.628122 23891.259508 0.479812 0.451518 1357.226743 2.912319 998.681771 12.999879 3.961715 0.723055 0.196963 4.328033 18.958217 0.215991 0.006256 
MP50 88.204949 0.201061 0.227947 0.023034 1172066.011711 1268579.065014 96513.053303 120.115919 169.942972 1.778053 171.721025 27095.202441 23899.309546 0.469854 0.451093 1329.025347 2.909508 998.682648 12.999879 4.330807 0.725299 0.200949 4.513479 18.953691 0.211508 0.006250 
MP51 88.199771 0.200453 0.227272 0.023025 1172101.647276 1268613.942383 96512.295107 120.118664 173.544136 1.768236 175.312372 27085.355457 23889.221438 0.460029 0.450911 1301.250213 2.908371 998.687290 12.999879 4.698051 0.721295 0.205158 4.708336 18.930047 0.207086 0.006247 
MP52 87.815092 0.198951 0.226556 0.023041 1172000.632001 1268512.689365 96512.057364 120.108599 176.877376 1.760005 178.637380 27101.452274 23799.165256 0.449783 0.451235 1272.215743 2.910335 998.690066 14.000041 4.037811 0.717937 0.209982 4.925258 18.915746 0.202474 0.006252 
MP53 87.624146 0.195432 0.223034 0.023016 1172099.575977 1268613.316571 96513.740594 120.117518 180.334747 1.759929 182.094676 27074.521229 23723.818004 0.439830 0.450735 1244.109819 2.907221 998.692241 14.000041 4.390392 0.717906 0.214496 5.150730 18.904751 0.197993 0.006245 
MP54 87.274615 0.198614 0.227573 0.023005 1172128.859024 1268642.784952 96513.925927 120.120481 183.676548 1.776370 185.452918 27061.781098 23618.065163 0.429935 0.450508 1216.135673 2.905791 998.688937 14.000041 4.731187 0.724613 0.219322 5.390567 18.921668 0.193539 0.006242 
MP55 86.686685 0.187114 0.215851 0.023014 1172070.155422 1268585.091677 96514.936254 120.115044 187.154998 1.758947 188.913945 27071.603127 23467.475331 0.419377 0.450703 1186.243200 2.906982 998.687227 14.999912 4.086046 0.717505 0.224941 5.665393 18.930339 0.188786 0.006244 
MP56 86.720268 0.200010 0.230638 0.019991 1173322.180052 1269839.268758 96517.088706 120.137031 162.325885 1.710273 164.036159 23519.851057 20396.477789 0.419738 0.391463 1187.372451 2.525126 998.688016 12.000008 4.553892 0.697651 0.195207 5.660657 18.927779 0.188948 0.005423 
MP57 87.276155 0.211510 0.242345 0.019992 1173358.414211 1269873.925105 96515.510893 120.140723 159.457843 1.719277 161.177121 23521.591520 20528.740637 0.429947 0.391474 1216.270845 2.525235 998.688319 12.000008 4.261410 0.701324 0.190577 5.395025 18.926266 0.193544 0.005424 
MP58 87.611629 0.218751 0.249683 0.019991 1173318.692732 1269835.935111 96517.242379 120.137456 156.436989 1.691193 158.128181 23519.085554 20605.454086 0.439880 0.391451 1244.354994 2.525052 998.681343 12.000008 3.953345 0.689867 0.186262 5.154112 18.961816 0.198016 0.005423 
MP59 87.936427 0.214625 0.244068 0.019996 1173247.430012 1269764.081759 96516.651747 120.130698 153.586864 1.677706 155.264570 23524.162370 20686.307840 0.449764 0.391570 1272.277952 2.525746 998.678511 11.000137 4.662562 0.684366 0.182225 4.930072 18.976159 0.202465 0.005425 
MP60 88.234178 0.219358 0.248609 0.019976 1173260.931624 1269776.639262 96515.707637 120.131269 150.501793 1.667314 152.169107 23501.153393 20736.049620 0.460016 0.391183 1301.280474 2.523260 998.679911 11.000137 4.347949 0.680127 0.177988 4.712809 18.969043 0.207080 0.005420 
MP61 88.241816 0.220042 0.249363 0.020005 1173313.334372 1269827.932386 96514.598014 120.136951 147.559299 1.670610 149.229909 23536.347621 20768.900673 0.469808 0.391740 1329.012350 2.526907 998.684981 9.999975 5.048037 0.681471 0.174526 4.518360 18.943251 0.211488 0.005427 
MP62 88.296771 0.217554 0.246390 0.020009 1173325.881267 1269838.103763 96512.222497 120.138397 144.548948 1.673582 146.222531 23541.427398 20786.320285 0.479870 0.391817 1357.483943 2.527422 998.684710 9.999975 4.741043 0.682684 0.170900 4.330861 18.944646 0.216017 0.005428 
MP63 88.241357 0.220709 0.250119 0.020001 1173406.039305 1269918.412476 96512.373171 120.146304 141.514092 1.677707 143.191799 23533.238857 20766.049428 0.489532 0.391642 1384.863981 2.526377 998.684788 9.999975 4.431550 0.684366 0.167452 4.161587 18.944340 0.220367 0.005426 
MP64 88.076654 0.224844 0.255282 0.019998 1173269.060803 1269780.503655 96511.442852 120.132625 138.229448 1.675737 139.905185 23526.891654 20721.698882 0.499991 0.391605 1414.369655 2.525991 998.681389 9.999975 4.096584 0.683563 0.163934 3.989313 18.961513 0.225075 0.005425 
MP65 87.720639 0.228236 0.260186 0.019983 1173385.247226 1269896.584999 96511.337774 120.143851 134.886931 1.668381 136.555311 23511.876469 20624.768195 0.509836 0.391299 1442.287573 2.524140 998.682734 9.000104 4.755587 0.680562 0.160643 3.836743 18.954787 0.229507 0.005421 
MP66 87.244915 0.223427 0.256091 0.019979 1173343.173175 1269854.766698 96511.593523 120.139123 131.519421 1.672330 133.191751 23505.824943 20507.636983 0.519753 0.391221 1470.312589 2.523584 998.685136 9.000104 4.412170 0.682173 0.157546 3.691735 18.942491 0.233971 0.005420 
MP67 86.801575 0.249630 0.287587 0.016994 1173774.013386 1270284.716739 96510.703353 120.093744 111.026418 1.643146 112.669564 19986.461599 17348.563356 0.519873 0.332836 1470.375591 2.146563 998.681752 7.000071 4.322339 0.670268 0.134003 3.692786 18.960249 0.234025 0.004611 
MP68 87.307909 0.245363 0.281032 0.016994 1173702.761621 1270212.432236 96509.670615 120.086323 113.884094 1.637677 115.521771 19984.590669 17448.128255 0.509964 0.332835 1442.302611 2.146492 998.682835 7.000071 4.613763 0.668037 0.136607 3.837701 18.954643 0.229564 0.004611 
MP69 87.664837 0.250228 0.285437 0.016988 1173630.824288 1270138.462342 96507.638054 120.078570 116.639472 1.630492 118.269964 19977.224607 17513.001453 0.499982 0.332744 1414.026346 2.145835 998.685032 7.999943 3.894883 0.665106 0.139296 3.992467 18.943344 0.225071 0.004610 
MP70 87.895679 0.244772 0.278480 0.016997 1173704.457880 1270211.961998 96507.504119 120.086443 119.482133 1.624124 121.106257 19988.420967 17568.958377 0.489817 0.332898 1385.322270 2.146899 998.684019 7.999943 4.184776 0.662509 0.142253 4.159895 18.948600 0.220495 0.004612 
MP71 87.997915 0.242802 0.275918 0.016986 1173705.246354 1270212.114930 96506.868576 120.086356 122.048110 1.618439 123.666549 19975.238424 17577.793420 0.479917 0.332679 1357.323896 2.145487 998.682841 7.999943 4.446453 0.660190 0.145091 4.333291 18.954605 0.216039 0.004609 
MP72 88.146537 0.240128 0.272419 0.016969 1173708.287012 1270214.463870 96506.176858 120.086559 124.749681 1.615078 126.364759 19955.713148 17590.270041 0.470003 0.332354 1329.284424 2.143393 998.679917 7.999943 4.721957 0.658819 0.148007 4.518054 18.969511 0.211576 0.004605 
MP73 87.948332 0.240756 0.273747 0.016984 1173653.026720 1270160.330297 96507.303576 120.081023 127.316140 1.604501 128.920640 19971.906189 17564.958289 0.460032 0.332646 1301.056181 2.145226 998.682373 9.000104 3.983522 0.654504 0.151348 4.715998 18.956933 0.207087 0.004609 
MP74 87.631132 0.238693 0.272383 0.016989 1173727.621403 1270234.169497 96506.548094 120.088913 129.800839 1.599884 131.400723 19979.388289 17508.164158 0.449876 0.332738 1272.372393 2.145891 998.681312 9.000104 4.236910 0.652621 0.154808 4.931344 18.962427 0.202515 0.004610 
MP75 87.375587 0.233643 0.267400 0.016988 1173621.861023 1270125.698636 96503.837613 120.078250 132.365184 1.593063 133.958247 19976.570637 17454.645924 0.439957 0.332736 1244.265247 2.145781 998.679970 9.000104 4.498421 0.649839 0.158297 5.156194 18.969137 0.198050 0.004610 
MP76 87.002255 0.233902 0.268846 0.016986 1173603.443023 1270108.086556 96504.643533 120.076956 134.837567 1.599455 136.437022 19973.970515 17377.804850 0.430065 0.332700 1216.281403 2.145537 998.674633 9.999975 3.750682 0.652446 0.161920 5.396132 18.996288 0.193597 0.004609 
MP77 86.479490 0.223177 0.258069 0.017006 1173686.090208 1270190.190791 96504.100583 120.085894 137.541469 1.584953 139.126422 19998.627275 17294.710820 0.419719 0.333073 1187.066559 2.148025 998.675018 9.999975 4.026424 0.646530 0.166098 5.665405 18.994425 0.188940 0.004615 
MP78 85.930864 0.247595 0.288133 0.013976 1174393.471814 1270894.625589 96501.153775 120.081140 111.969027 1.548702 113.517729 16435.619362 14123.269740 0.420083 0.273747 1188.072490 1.765387 998.680310 7.000071 4.418466 0.631743 0.136394 5.659195 18.968295 0.189104 0.003793 
MP79 86.372702 0.256537 0.297011 0.013963 1174378.201336 1270881.132281 96502.930946 120.079594 109.794502 1.555440 111.349942 16419.824486 14182.246074 0.430052 0.273490 1216.259947 1.763718 998.677700 7.000071 4.196709 0.634491 0.133107 5.399868 18.981577 0.193592 0.003789 
MP80 86.749007 0.261134 0.301022 0.013963 1174392.692398 1270895.396995 96502.704597 120.081668 107.747786 1.549054 109.296841 16419.313878 14243.591667 0.440022 0.273476 1244.466725 1.763642 998.672633 5.999910 4.988147 0.631887 0.130085 5.157948 19.007375 0.198080 0.003789 
MP81 86.987783 0.267737 0.307787 0.013959 1174485.773225 1270987.813282 96502.040057 120.091036 105.632763 1.549330 107.182094 16416.398818 14280.261321 0.449842 0.273395 1272.287620 1.763190 998.673100 5.999910 4.772458 0.631999 0.127208 4.935227 19.005105 0.202500 0.003788 
MP82 87.067977 0.266258 0.305805 0.013964 1174425.135141 1270927.212438 96502.077297 120.084936 103.400495 1.548797 104.949292 16421.259886 14297.658734 0.459983 0.273497 1300.938584 1.763802 998.673251 5.999910 4.544813 0.631782 0.124449 4.719997 19.004268 0.207065 0.003789 
MP83 87.140400 0.270163 0.310032 0.013954 1174522.010175 1271025.734862 96503.724687 120.094465 101.182039 1.551344 102.733383 16410.684729 14300.336274 0.469974 0.273288 1329.248083 1.762524 998.674359 5.999910 4.318576 0.632821 0.121711 4.521458 18.998748 0.211563 0.003786 
MP84 87.174548 0.265728 0.304823 0.013953 1174503.759370 1271007.870325 96504.110956 120.092365 99.074794 1.552085 100.626879 16408.903147 14304.387091 0.479953 0.273265 1357.458724 1.762360 998.676085 5.999910 4.103680 0.633123 0.119170 4.335407 18.989946 0.216055 0.003786 
MP85 86.917710 0.273447 0.314605 0.013952 1174403.803829 1270907.252688 96503.448859 120.082429 96.744454 1.553954 98.298409 16407.445745 14260.976124 0.489851 0.273275 1385.396697 1.762354 998.673819 5.000039 4.865904 0.633885 0.116766 4.161969 19.001357 0.220510 0.003786 
MP86 86.520857 0.278671 0.322085 0.013989 1174476.783380 1270980.531202 96503.747822 120.090801 94.565014 1.546709 96.111723 16451.072386 14233.608810 0.500017 0.273973 1414.197441 1.766918 998.673001 5.000039 4.643646 0.630930 0.114685 3.994426 19.005603 0.225087 0.003796 
MP87 86.307889 0.278361 0.322521 0.013953 1174501.244021 1271005.744913 96504.500892 120.092228 92.249535 1.537145 93.786680 16409.547641 14162.734150 0.509858 0.273276 1442.040045 1.762433 998.675197 5.000039 4.407515 0.627029 0.112185 3.841740 18.994465 0.229517 0.003786 
MP88 85.851727 0.279827 0.325942 0.013959 1174414.444036 1270917.601520 96503.157484 120.083629 90.007311 1.537284 91.544595 16415.905221 14093.338206 0.519805 0.273412 1470.119193 1.763244 998.674207 5.000039 4.178854 0.627085 0.110093 3.696118 18.999394 0.233994 0.003788 
MP89 83.979031 0.335280 0.399242 0.010977 1175248.900879 1271751.458573 96502.557694 120.108936 68.892556 1.522712 70.415268 12911.071717 10842.592941 0.519852 0.214971 1470.407466 1.386502 998.669186 2.000135 5.025488 0.621141 0.086553 3.697313 19.025885 0.234016 0.002978 
MP90 84.457523 0.331399 0.392385 0.010976 1175242.004648 1271742.963219 96500.958571 120.108208 70.673166 1.529976 72.203142 12910.335379 10903.749524 0.509841 0.214960 1442.085971 1.386431 998.669305 3.000006 4.207203 0.624104 0.088248 3.843941 19.025269 0.229509 0.002978 
MP91 84.786922 0.337549 0.398114 0.010983 1175266.699825 1271769.587215 96502.887390 120.111008 72.438562 1.525290 73.963851 12918.194357 10952.939384 0.499943 0.215084 1414.107903 1.387245 998.667940 3.000006 4.387237 0.622193 0.090047 3.997639 19.032232 0.225054 0.002980 
MP92 84.917663 0.326156 0.384085 0.010978 1175156.071802 1271657.998339 96501.926537 120.099080 74.062856 1.524763 75.587619 12911.846471 10964.438323 0.489741 0.215009 1385.182841 1.386695 998.672546 3.000006 4.552881 0.621978 0.091891 4.165926 19.008704 0.220461 0.002979 
MP93 85.295246 0.325994 0.382194 0.010992 1175233.901308 1271733.558770 96499.657462 120.107474 76.065353 1.526558 77.591911 12929.228435 11028.017169 0.479841 0.215277 1357.226616 1.388466 998.670919 3.000006 4.757095 0.622710 0.093904 4.339608 19.017058 0.216004 0.002983 
MP94 85.502514 0.318289 0.372257 0.010989 1175221.328903 1271722.905818 96501.576916 120.105996 77.854963 1.529432 79.384395 12924.530346 11050.798399 0.469978 0.215202 1329.321106 1.387978 998.671964 3.000006 4.939598 0.623882 0.095841 4.523664 19.011736 0.211564 0.002981 
MP95 85.569010 0.315446 0.368645 0.010978 1175265.238176 1271764.334747 96499.096571 120.110876 79.552658 1.530590 81.083248 12912.451787 11049.057150 0.460049 0.214989 1301.264145 1.386631 998.667077 3.999877 4.112857 0.624355 0.097813 4.721039 19.036604 0.207095 0.002979 
MP96 85.458299 0.320312 0.374816 0.010987 1175234.445691 1271732.441557 96497.995866 120.107296 81.351028 1.534329 82.885357 12922.597653 11043.432095 0.449824 0.215166 1272.323751 1.387755 998.672028 3.999877 4.296254 0.625880 0.100118 4.938098 19.011418 0.202492 0.002981 
MP97 85.373099 0.303074 0.354999 0.010987 1175267.594936 1271765.278415 96497.683478 120.109707 83.128352 1.540933 84.669285 12922.802217 11032.596778 0.439910 0.215162 1244.294654 1.387738 998.680113 3.999877 4.477504 0.628574 0.102373 5.163180 18.970315 0.198029 0.002981 
MP98 85.363268 0.307038 0.359684 0.010966 1175270.598724 1271765.789318 96495.190595 120.109962 84.900068 1.555890 86.455958 12898.688126 11010.741656 0.429965 0.214760 1216.166472 1.385149 998.677493 3.999877 4.658183 0.634675 0.104545 5.404804 18.983654 0.193552 0.002975 
MP99 84.981490 0.300301 0.353372 0.010960 1175257.598091 1271750.458306 96492.860215 120.108980 86.540057 1.547215 88.087271 12891.871986 10955.704851 0.419895 0.214650 1187.677554 1.384433 998.673783 3.999877 4.825428 0.631136 0.106997 5.667163 19.002509 0.189019 0.002974 
