MP_Name eta e.eta f.eta Q_A p_Duese_rel p_Duese_abs p_amb H_tot M_Generator M_Lager M_mech P_hyd P_mech ku kcm n_rpm v_ME rho Masse_Aufgelegt Masse_Generator_Sensor Masse_Lager_Sensor phi psi T_Water n_ED Q_ED 
[] [%] [%] [%] [m^3/s] [Pa(r)] [Pa(a)] [Pa(a)] [m] [Nm] [Nm] [Nm] [W] [W] [-] [-] [rpm] [m/s] [kg/m^3] [kg] [kg] [kg] [-] [-] [°C] [-] [-] 
MP01 85.731068 0.177388 0.206913 0.035041 1166012.575998 1262680.372848 96667.796850 120.088019 227.405970 2.038933 229.444903 41201.461045 35322.452474 0.519785 0.686311 1470.089642 4.426132 998.490120 18.999977 4.190752 0.831717 0.276363 3.670500 19.904260 0.233985 0.009508 
MP02 86.321970 0.177230 0.205312 0.035037 1165744.739484 1262422.436067 96677.696583 120.060540 233.291215 2.106160 235.397376 41187.048259 35553.471371 0.510013 0.686307 1442.287290 4.425601 998.489145 18.999977 4.790926 0.859140 0.281656 3.812501 19.908715 0.229586 0.009508 
MP03 86.912015 0.180313 0.207466 0.035003 1165858.627343 1262542.843442 96684.216099 120.070125 239.401362 2.090965 241.492327 41150.108182 35764.388349 0.500070 0.685609 1414.226096 4.421275 998.489948 20.000139 4.413873 0.852942 0.286964 3.965682 19.904963 0.225111 0.009499 
MP04 87.120485 0.173387 0.199020 0.035029 1165711.947608 1262397.027121 96685.079514 120.056654 245.226399 2.072695 247.299094 41175.832330 35872.584875 0.489833 0.686153 1385.196956 4.424537 998.489616 20.000139 5.007907 0.845489 0.293194 4.133120 19.906411 0.220502 0.009506 
MP05 87.380056 0.173597 0.198669 0.035015 1165594.586687 1262280.826620 96686.239934 120.044235 250.974000 2.027917 253.001917 41155.496726 35961.696040 0.480006 0.685923 1357.337153 4.422822 998.486755 21.999881 3.594302 0.827223 0.299096 4.304107 19.920156 0.216079 0.009503 
MP06 87.498371 0.171342 0.195823 0.035048 1166532.514344 1263223.276775 96690.762431 120.142058 257.147508 2.009997 259.157505 41228.127511 36073.940157 0.469876 0.686295 1329.233179 4.427025 998.485647 21.999881 4.223873 0.819913 0.305710 4.491651 19.926570 0.211518 0.009508 
MP07 87.473996 0.174259 0.199212 0.035035 1166373.314225 1263069.769035 96696.454810 120.125129 262.569233 2.017156 264.586389 41206.165651 36044.679677 0.459894 0.686075 1300.903414 4.425294 998.484713 21.999881 4.776777 0.822834 0.312246 4.688775 19.930930 0.207025 0.009505 
MP08 87.258712 0.172274 0.197429 0.035038 1166349.075212 1263043.236107 96694.160895 120.122778 267.847955 2.008484 269.856439 41209.356368 35958.753528 0.449842 0.686148 1272.457326 4.425721 998.485285 23.000042 4.314937 0.819296 0.319257 4.900651 19.928131 0.202500 0.009506 
MP09 86.845258 0.169019 0.194620 0.035026 1166258.587199 1262948.949105 96690.361905 120.112983 272.532914 2.007400 274.540314 41191.148881 35772.559431 0.439896 0.685930 1244.271833 4.424132 998.483906 23.000042 4.792707 0.818854 0.326371 5.124796 19.934700 0.198023 0.009503 
MP10 86.390239 0.167782 0.194214 0.035053 1166339.422641 1263032.910246 96693.487605 120.122842 277.633381 1.973167 279.606547 41227.122400 35616.209738 0.430020 0.686444 1216.386931 4.427634 998.483716 23.999914 4.312977 0.804890 0.334117 5.362828 19.935718 0.193577 0.009510 
MP11 85.794653 0.167273 0.194969 0.035043 1166393.163880 1263091.458630 96698.294750 120.127816 282.551095 1.942508 284.493603 41217.028679 35362.006631 0.419608 0.686234 1186.959162 4.426368 998.483247 23.999914 4.814483 0.792383 0.342303 5.632303 19.938056 0.188890 0.009507 
MP12 86.291582 0.168436 0.195194 0.032045 1168050.073063 1264744.975045 96694.901982 120.133467 259.873622 1.851168 261.724789 37692.023429 32525.043217 0.419510 0.627501 1186.709462 4.047624 998.482627 21.999881 4.501880 0.755124 0.313080 5.642681 19.942884 0.188846 0.008694 
MP13 86.834210 0.177351 0.204240 0.032060 1168114.316595 1264817.321856 96703.005261 120.141112 255.275232 1.825322 257.100553 37711.764719 32746.713103 0.429952 0.627772 1216.287058 4.049497 998.480031 21.999881 4.032939 0.744581 0.305608 5.371891 19.955534 0.193546 0.008697 
MP14 87.320894 0.179722 0.205817 0.032037 1168026.664536 1264730.982161 96704.317625 120.131231 250.722402 1.812115 252.534517 37682.039956 32904.294249 0.439850 0.627356 1244.237296 4.046646 998.477957 21.000010 4.568515 0.739194 0.298532 5.132881 19.965472 0.198002 0.008692 
MP15 87.864133 0.187641 0.213558 0.032008 1167970.464021 1264680.727907 96710.263885 120.123842 246.447912 1.797506 248.245418 37645.869505 33077.216878 0.449815 0.626810 1272.386641 4.043006 998.479189 21.000010 4.132605 0.733235 0.291665 4.908039 19.959463 0.202488 0.008684 
MP16 88.017903 0.186972 0.212425 0.032023 1168010.645852 1264726.238652 96715.592800 120.128795 241.509940 1.790636 243.300576 37664.509484 33151.511411 0.459979 0.627083 1301.162620 4.044844 998.478427 20.000139 4.628905 0.730432 0.285344 4.693516 19.963208 0.207063 0.008688 
MP17 88.053976 0.178536 0.202758 0.032033 1167789.576215 1264505.242875 96715.666661 120.106596 236.474045 1.787276 238.261321 37669.194849 33169.223608 0.470002 0.627334 1329.392250 4.046090 998.479551 20.000139 4.115347 0.729062 0.279371 4.495443 19.957527 0.211575 0.008691 
MP18 87.922487 0.179154 0.203764 0.032034 1167856.317956 1264571.574574 96715.256617 120.113789 231.232956 1.786604 233.019561 37672.623546 33122.707465 0.479886 0.627336 1357.390583 4.046227 998.476872 18.999977 4.581026 0.728787 0.273618 4.312162 19.970553 0.216025 0.008691 
MP19 87.725643 0.182161 0.207649 0.032036 1167975.146142 1264691.816275 96716.670133 120.126005 226.082484 1.785918 227.868402 37679.246424 33054.361023 0.489697 0.627351 1385.211352 4.046525 998.477231 18.999977 4.055784 0.728507 0.268142 4.141109 19.968951 0.220441 0.008692 
MP20 87.491824 0.182001 0.208020 0.032022 1167889.638039 1264607.201325 96717.563286 120.116640 220.697426 1.775986 222.473412 37659.132216 32948.661668 0.499987 0.627090 1414.265821 4.044685 998.476170 18.000106 4.506490 0.724456 0.262514 3.972422 19.973990 0.225073 0.008688 
MP21 87.059410 0.182028 0.209084 0.032016 1167788.112384 1264505.869720 96717.757336 120.105882 215.242284 1.766920 217.009205 37649.473803 32777.409624 0.509936 0.627012 1442.340690 4.044006 998.477079 18.000106 3.950177 0.720758 0.257361 3.818947 19.969485 0.229552 0.008687 
MP22 86.359037 0.181401 0.210054 0.032035 1167782.204456 1264499.855081 96717.650625 120.106310 209.504693 1.761907 211.266600 37672.354938 32533.483015 0.519898 0.627390 1470.520555 4.046450 998.476882 16.999945 4.365222 0.718713 0.252582 3.673965 19.970428 0.234036 0.008692 
MP23 86.897351 0.185460 0.213424 0.029060 1169067.616367 1265785.907080 96718.290714 120.089857 191.137570 1.716642 192.854212 34169.021325 29691.974455 0.519826 0.569164 1470.216630 3.670658 998.475771 14.999912 4.492187 0.700249 0.229172 3.679534 19.977216 0.234004 0.007885 
MP24 87.644858 0.184760 0.210805 0.029040 1168908.594533 1265629.376583 96720.782050 120.072832 196.381563 1.711253 198.092816 34139.713666 29921.703505 0.510031 0.568798 1442.410816 3.668036 998.474118 16.000073 4.026805 0.698050 0.233423 3.822251 19.985035 0.229594 0.007880 
MP25 88.107390 0.189857 0.215484 0.029050 1168937.268221 1265657.397876 96720.129655 120.076052 201.453165 1.706274 203.159439 34152.844559 30091.179990 0.500121 0.568992 1414.404388 3.669342 998.475767 16.000073 4.544004 0.696019 0.238130 3.975208 19.977097 0.225133 0.007883 
MP26 88.428224 0.187201 0.211698 0.029032 1169028.057474 1265745.302665 96717.245190 120.084422 206.369891 1.701828 208.071719 34133.813838 30183.925312 0.489802 0.568616 1385.268774 3.667040 998.476112 16.000073 5.045409 0.694206 0.242986 4.144504 19.975524 0.220488 0.007878 
MP27 88.455159 0.184824 0.208947 0.029034 1168993.322419 1265712.484699 96719.162280 120.080981 210.767155 1.697293 212.464449 34135.038579 30194.202513 0.479845 0.568661 1357.090077 3.667278 998.475963 16.999945 4.493967 0.692356 0.248047 4.318276 19.976212 0.216006 0.007878 
MP28 88.573645 0.181123 0.204489 0.029039 1169044.464263 1265771.773884 96727.309621 120.086460 215.566447 1.698467 217.264913 34143.408544 30242.061608 0.469976 0.568761 1329.208711 3.668009 998.476112 18.000106 3.983235 0.692835 0.253301 4.501532 19.975565 0.211564 0.007880 
MP29 88.626719 0.182607 0.206041 0.029024 1168927.579071 1265662.000824 96734.421753 120.073691 220.206787 1.691268 221.898056 34121.662524 30240.910060 0.460170 0.568489 1301.405812 3.666059 998.476963 18.000106 4.456455 0.689898 0.258575 4.695452 19.971336 0.207149 0.007876 
MP30 88.162580 0.186532 0.211577 0.029057 1168885.177473 1265622.524988 96737.347516 120.071005 224.357193 1.682301 226.039494 34160.020847 30116.355770 0.449883 0.569148 1272.299848 3.670265 998.476365 18.000106 4.879710 0.686240 0.264793 4.912567 19.974186 0.202519 0.007885 
MP31 87.830440 0.182179 0.207422 0.029044 1168894.059732 1265635.027644 96740.967912 120.071303 228.502439 1.673865 230.176304 34144.702104 29989.442087 0.439936 0.568890 1244.168370 3.668610 998.476282 18.999977 4.302569 0.682799 0.270658 5.137271 19.974606 0.198041 0.007882 
MP32 87.439268 0.178487 0.204127 0.029034 1168833.155579 1265578.087648 96744.932069 120.064567 232.616223 1.684757 234.300980 34130.298613 29843.283118 0.430097 0.568698 1216.308875 3.667268 998.476396 18.999977 4.722091 0.687242 0.276757 5.375023 19.973996 0.193612 0.007879 
MP33 86.814414 0.175816 0.202519 0.029034 1168961.107017 1265706.858070 96745.751054 120.078249 236.940902 1.672300 238.613202 34134.879411 29633.995481 0.419338 0.568680 1185.952035 3.667360 998.471553 20.000139 4.162957 0.682161 0.283848 5.654360 19.997535 0.188769 0.007879 
MP34 87.302655 0.180926 0.207240 0.026025 1170832.838703 1267579.504488 96746.665785 120.134352 213.317608 1.635578 214.953186 30611.644938 26724.778657 0.419699 0.509625 1187.248453 3.287289 998.473963 18.000106 3.753900 0.667181 0.254153 5.651039 19.987963 0.188931 0.007061 
MP35 87.936579 0.188399 0.214244 0.026029 1170940.456481 1267687.249801 96746.793320 120.145489 209.754816 1.650832 211.405648 30618.549717 26924.905014 0.429917 0.509669 1216.211139 3.287726 998.473969 16.999945 4.390730 0.673403 0.248134 5.385592 19.988053 0.193531 0.007061 
MP36 88.252486 0.189532 0.214761 0.026050 1170875.307004 1267622.758442 96747.451437 120.139754 205.876656 1.636678 207.513334 30641.571374 27041.948542 0.439896 0.510089 1244.409612 3.290356 998.473660 16.999945 3.995237 0.667630 0.242705 5.143997 19.989475 0.198023 0.007067 
MP37 88.668005 0.193744 0.218504 0.026035 1170929.114818 1267681.664552 96752.549734 120.145396 202.164354 1.630473 203.794827 30625.648294 27155.151467 0.449787 0.509791 1272.419910 3.288513 998.467280 16.000073 4.616531 0.665099 0.237229 4.920273 20.020333 0.202475 0.007063 
MP38 88.812202 0.192755 0.217037 0.026049 1170861.972857 1267615.151519 96753.178662 120.139135 198.085931 1.620861 199.706792 30641.004322 27212.950807 0.459983 0.510087 1301.230345 3.290333 998.467395 16.000073 4.200615 0.661178 0.232105 4.704536 20.019702 0.207065 0.007067 
MP39 88.777783 0.196112 0.220903 0.026043 1170741.375964 1267492.939465 96751.563502 120.126767 193.762163 1.613269 195.375432 30629.836529 27192.489712 0.469851 0.509981 1329.077801 3.289479 998.465425 16.000073 3.759680 0.658081 0.227183 4.509003 20.029062 0.211507 0.007065 
MP40 88.744593 0.191622 0.215926 0.026047 1170811.825103 1267564.134882 96752.309779 120.134103 189.671793 1.605166 191.276959 30636.947251 27188.634274 0.479836 0.510052 1357.363345 3.290040 998.465826 14.999912 4.342708 0.654776 0.222487 4.323297 20.027210 0.216002 0.007066 
MP41 88.814272 0.198090 0.223038 0.026018 1170849.198154 1267600.316583 96751.118429 120.136255 185.747961 1.596822 187.344783 30603.481298 27180.259107 0.489752 0.509479 1385.426118 3.286376 998.469463 14.000041 4.942428 0.651372 0.217737 4.150045 20.009710 0.220466 0.007059 
MP42 88.436230 0.197939 0.223821 0.026033 1170894.328121 1267645.514643 96751.186522 120.141534 181.268948 1.585612 182.854560 30621.907884 27080.860854 0.499932 0.509753 1414.256075 3.288211 998.469010 14.000041 4.485661 0.646799 0.213418 3.982725 20.011947 0.225049 0.007062 
MP43 88.019222 0.198005 0.224956 0.026029 1170887.761102 1267642.625762 96754.864660 120.140533 176.823477 1.578563 178.402039 30617.027329 26948.869343 0.509914 0.509677 1442.487691 3.287710 998.470365 14.000041 4.032315 0.643924 0.209209 3.828329 20.005412 0.229542 0.007061 
MP44 87.296960 0.195079 0.223465 0.026046 1170803.883141 1267562.003524 96758.120383 120.132718 172.096679 1.573811 173.670490 30634.934621 26743.366654 0.519829 0.510025 1470.487818 3.289848 998.470079 12.999879 4.550441 0.641985 0.205359 3.683661 20.006705 0.234005 0.007066 
MP45 87.553449 0.208438 0.238070 0.023021 1172009.886506 1268767.237102 96757.350597 120.135345 152.449457 1.525833 153.975290 27078.244861 23707.937270 0.519767 0.450798 1470.327639 2.907840 998.468637 11.000137 4.546570 0.622414 0.181533 3.688264 20.014989 0.233977 0.006246 
MP46 88.180027 0.208103 0.235998 0.023000 1171915.125195 1268672.973419 96757.848224 120.124992 156.420674 1.518330 157.939004 27051.138519 23853.701281 0.509860 0.450405 1442.240752 2.905182 998.467690 12.000008 3.951682 0.619354 0.184899 3.833010 20.019450 0.229517 0.006240 
MP47 88.760471 0.213656 0.240711 0.023008 1171948.870463 1268711.389835 96762.519371 120.128604 160.656196 1.513375 162.169571 27061.226163 24019.671669 0.500006 0.450552 1414.389688 2.906175 998.468765 12.000008 4.383618 0.617333 0.188604 3.985560 20.014312 0.225082 0.006242 
MP48 88.900459 0.205504 0.231161 0.023024 1171884.601035 1268648.352521 96763.751485 120.122632 164.454315 1.505675 165.959990 27079.164060 24073.501141 0.489694 0.450884 1385.183271 2.908246 998.468946 12.000008 4.770948 0.614192 0.192718 4.155174 20.013374 0.220440 0.006247 
MP49 88.988427 0.204185 0.229451 0.022999 1171935.476068 1268702.052477 96766.576409 120.126947 167.858197 1.499823 169.358020 27050.759462 24072.045213 0.479831 0.450387 1357.308615 2.905092 998.468501 12.000008 5.118074 0.611804 0.196463 4.327783 20.015582 0.216000 0.006240 
MP50 88.954049 0.202158 0.227261 0.023016 1171874.864547 1268641.455177 96766.590630 120.121557 171.505895 1.482229 172.988123 27069.546644 24079.457710 0.469917 0.450731 1329.235089 2.907244 998.467145 12.999879 4.490193 0.604627 0.200761 4.512292 20.022055 0.211537 0.006245 
MP51 88.936275 0.207693 0.233530 0.023016 1171797.213635 1268566.404995 96769.191361 120.113628 175.219049 1.493212 176.712261 27067.546817 24072.867904 0.459903 0.450742 1300.865905 2.907221 998.467072 14.000041 3.868696 0.609107 0.205137 4.710934 20.022328 0.207029 0.006245 
MP52 88.655736 0.205649 0.231963 0.023037 1171879.761840 1268652.389528 96772.627689 120.122915 178.807995 1.480413 180.288408 27093.857911 24020.259118 0.449778 0.451129 1272.275801 2.909824 998.466365 14.000041 4.234695 0.603886 0.209935 4.925388 20.025831 0.202471 0.006250 
MP53 88.218561 0.204955 0.232327 0.023025 1171833.771189 1268606.309294 96772.538105 120.117950 181.836662 1.486181 183.322843 27078.992756 23888.697821 0.439919 0.450910 1244.363531 2.908352 998.464963 14.000041 4.543556 0.606240 0.214535 5.148634 20.032539 0.198033 0.006247 
MP54 88.088236 0.193144 0.219262 0.022997 1171910.298909 1268682.606458 96772.307550 120.124458 185.563210 1.503613 187.066824 27047.055214 23825.273858 0.429958 0.450340 1216.221036 2.904759 998.466991 14.000041 4.923588 0.613350 0.219228 5.390003 20.022848 0.193549 0.006239 
MP55 87.379810 0.191146 0.218753 0.023024 1171796.632673 1268569.633108 96773.000435 120.113496 188.793285 1.469503 190.262788 27076.559905 23659.446593 0.419813 0.450892 1187.468525 2.908184 998.470058 14.999912 4.253118 0.599436 0.224801 5.653617 20.007929 0.188982 0.006247 
MP56 87.407679 0.205430 0.235026 0.019983 1173016.996557 1269791.811063 96774.814507 120.131967 163.720936 1.418767 165.139704 23503.696960 20544.036078 0.419958 0.391305 1187.970483 2.524054 998.468159 12.000008 4.696158 0.578740 0.195026 5.654734 20.018438 0.189048 0.005421 
MP57 87.814940 0.213537 0.243167 0.019997 1173060.499831 1269835.937265 96775.437434 120.136902 160.726564 1.440852 162.167415 23521.438234 20655.336891 0.429963 0.391577 1216.298216 2.525856 998.467924 12.000008 4.390794 0.587749 0.190620 5.394603 20.019620 0.193552 0.005425 
MP58 88.083668 0.216354 0.245623 0.019986 1173052.757978 1269825.887916 96773.129938 120.135747 157.490712 1.418389 158.909101 23507.871149 20706.595101 0.439870 0.391357 1244.317767 2.524423 998.467884 12.000008 4.060804 0.578586 0.186222 5.154354 20.019802 0.198011 0.005422 
MP59 88.445647 0.220452 0.249252 0.020013 1172944.380645 1269718.694132 96774.313487 120.125646 154.847156 1.415247 156.262403 23537.442524 20817.843247 0.449743 0.391899 1272.191877 2.527813 998.467099 11.000137 4.791086 0.577304 0.182386 4.930509 20.023467 0.202455 0.005430 
MP60 88.818177 0.220374 0.248118 0.019982 1173050.881687 1269825.048693 96774.167006 120.135729 151.765667 1.411481 153.177148 23504.011488 20875.834521 0.460060 0.391293 1301.431304 2.524015 998.465566 11.000137 4.476838 0.575768 0.178020 4.711884 20.030974 0.207100 0.005421 
MP61 88.874078 0.219415 0.246883 0.019978 1173001.407417 1269776.435813 96775.028397 120.130581 148.617649 1.391699 150.009348 23497.684734 20883.350577 0.469955 0.391213 1329.392543 2.523445 998.465131 9.999975 5.155967 0.567699 0.174237 4.515569 20.033019 0.211554 0.005420 
MP62 88.963843 0.217629 0.244626 0.019974 1173008.652225 1269787.043228 96778.391003 120.131208 145.646321 1.396476 147.042797 23493.653624 20900.857191 0.479837 0.391143 1357.349615 2.522999 998.465113 9.999975 4.852952 0.569647 0.170618 4.331499 20.033118 0.216002 0.005419 
MP63 88.742447 0.228269 0.257226 0.019974 1173034.550207 1269815.025114 96780.474907 120.133929 142.348784 1.380494 143.729278 23493.601496 20848.796795 0.489670 0.391129 1385.182940 2.522938 998.464354 9.999975 4.516671 0.563128 0.167185 4.159272 20.036812 0.220429 0.005419 
MP64 88.481530 0.224197 0.253383 0.019994 1172994.588648 1269777.796866 96783.208218 120.129981 139.091672 1.384600 140.476272 23516.148444 20807.447900 0.500024 0.391522 1414.448781 2.525432 998.468590 9.999975 4.184513 0.564803 0.163888 3.988784 20.016353 0.225090 0.005424 
MP65 87.939362 0.225719 0.256675 0.020005 1173128.896239 1269917.535212 96788.638973 120.144238 135.634719 1.371839 137.006558 23532.152654 20694.024832 0.509863 0.391720 1442.364394 2.526854 998.467150 9.000104 4.831846 0.559597 0.160807 3.836324 20.023459 0.229519 0.005427 
MP66 87.355242 0.223962 0.256381 0.020007 1173029.872390 1269819.883795 96790.011405 120.134419 132.161105 1.364429 133.525535 23532.126935 20556.546387 0.519700 0.391768 1470.134972 2.527063 998.465142 9.000104 4.477609 0.556575 0.157782 3.692454 20.033030 0.233947 0.005428 
MP67 86.914442 0.248108 0.285462 0.016994 1173424.351854 1270217.349469 96792.997616 120.084301 111.459868 1.320601 112.780469 19980.374870 17365.831233 0.519900 0.332847 1470.391767 2.146548 998.462885 7.000071 4.366542 0.538696 0.134001 3.692414 20.044341 0.234037 0.004611 
MP68 87.425220 0.247110 0.282653 0.016987 1173501.658493 1270297.908177 96796.249683 120.092049 114.284518 1.319612 115.604130 19973.070801 17461.501045 0.509979 0.332693 1442.379715 2.145626 998.462435 7.999943 3.654726 0.538293 0.136544 3.837480 20.046600 0.229571 0.004609 
MP69 87.838885 0.255459 0.290826 0.016991 1173536.458100 1270333.886240 96797.428139 120.095454 117.199208 1.310839 118.510047 19979.058944 17549.382669 0.499970 0.332778 1414.093271 2.146204 998.464732 7.999943 3.951964 0.534714 0.139313 3.992649 20.035577 0.225066 0.004610 
MP70 88.235351 0.241045 0.273184 0.016982 1173433.898991 1270236.217152 96802.318161 120.085023 120.132021 1.319205 121.451226 19966.803271 17617.779008 0.489785 0.332618 1385.226010 2.145079 998.462322 7.999943 4.251051 0.538127 0.142142 4.160438 20.047085 0.220481 0.004608 
MP71 88.455918 0.245175 0.277172 0.016973 1173461.539859 1270266.022601 96804.482743 120.087913 122.906421 1.295973 124.202394 19956.084443 17652.337694 0.479870 0.332428 1357.199346 2.143882 998.459583 7.999943 4.533983 0.528650 0.144996 4.334155 20.060307 0.216017 0.004606 
MP72 88.392767 0.242681 0.274549 0.016992 1173443.147041 1270250.889587 96807.742546 120.086529 125.547210 1.318027 126.865237 19978.394776 17659.456027 0.469990 0.332805 1329.248165 2.146302 998.459871 7.999943 4.803289 0.537647 0.148212 4.518275 20.058906 0.211570 0.004611 
MP73 88.431851 0.243988 0.275905 0.016983 1173472.089693 1270281.234192 96809.144498 120.088970 128.278085 1.304392 129.582477 19968.116917 17658.175425 0.460097 0.332623 1301.280530 2.145150 998.462062 7.999943 5.081782 0.532085 0.151316 4.714685 20.048393 0.207116 0.004608 
MP74 88.275658 0.238943 0.270678 0.016982 1173409.403924 1270219.561550 96810.157627 120.082767 130.997016 1.283744 132.280761 19966.340025 17625.418051 0.449887 0.332620 1272.372065 2.145074 998.460261 9.000104 4.358896 0.523662 0.154749 4.931101 20.056998 0.202520 0.004608 
MP75 87.668516 0.234713 0.267728 0.016986 1173434.428312 1270244.840806 96810.412494 120.085447 133.065928 1.300239 134.366167 19971.109313 17508.375143 0.439958 0.332688 1244.306296 2.145539 998.460072 9.999975 3.570011 0.530390 0.158273 5.156166 20.057933 0.198051 0.004609 
MP76 87.395301 0.224040 0.256352 0.016983 1173400.809993 1270211.851308 96811.041315 120.082076 135.695768 1.305238 137.001006 19966.969294 17450.192885 0.430069 0.332634 1216.320030 2.145157 998.458854 9.999975 3.838201 0.532429 0.161886 5.396024 20.063762 0.193599 0.004608 
MP77 87.010915 0.222250 0.255428 0.016981 1173445.556956 1270257.925388 96812.368431 120.086818 138.343425 1.267527 139.610953 19965.296246 17371.986885 0.420130 0.332587 1188.232383 2.144896 998.456953 9.999975 4.108207 0.517047 0.165693 5.654370 20.072959 0.189125 0.004608 
MP78 86.327276 0.256711 0.297369 0.013963 1174186.780198 1271000.718396 96813.938198 120.086775 112.743826 1.257746 114.001572 16417.040703 14172.384030 0.419745 0.273480 1187.144141 1.763707 998.455111 7.000071 4.497479 0.513057 0.136371 5.668330 20.082631 0.188952 0.003789 
MP79 86.808082 0.252119 0.290432 0.013946 1174150.743357 1270964.526157 96813.782800 120.082199 110.512172 1.250840 111.763011 16396.369552 14233.373894 0.430003 0.273150 1216.133202 1.761546 998.459330 7.000071 4.269896 0.510240 0.132957 5.401129 20.062300 0.193569 0.003784 
MP80 86.982654 0.257378 0.295896 0.013944 1174143.223131 1270958.422846 96815.199716 120.081512 108.224183 1.226601 109.450785 16394.340932 14260.232917 0.439917 0.273119 1244.168273 1.761340 998.458343 5.999910 5.036729 0.500352 0.129946 5.160434 20.067042 0.198032 0.003784 
MP81 87.261159 0.273465 0.313387 0.013953 1174228.263017 1271045.078836 96816.815819 120.090625 106.181602 1.262581 107.444184 16405.146175 14315.320606 0.449847 0.273268 1272.300067 1.762370 998.456330 5.999910 4.828428 0.515029 0.127147 4.935120 20.076822 0.202502 0.003786 
MP82 87.367371 0.271198 0.310411 0.013958 1174216.562017 1271034.180687 96817.618670 120.089587 104.005648 1.235406 105.241054 16411.308399 14338.128753 0.459998 0.273374 1301.004114 1.763048 998.456036 5.999910 4.606526 0.503944 0.124390 4.719710 20.078223 0.207072 0.003787 
MP83 87.445287 0.271879 0.310913 0.013956 1174087.674583 1270904.982930 96817.308347 120.076000 101.816236 1.256662 103.072898 16406.702280 14346.887893 0.469987 0.273343 1329.182456 1.762747 998.459108 5.999910 4.383251 0.512615 0.121732 4.521207 20.063306 0.211569 0.003787 
MP84 87.346173 0.272140 0.311565 0.013962 1174150.483000 1270967.382625 96816.899624 120.082807 99.625345 1.247949 100.873293 16414.620081 14337.542478 0.479909 0.273453 1357.281409 1.763502 998.456970 5.999910 4.159825 0.509060 0.119263 4.336187 20.073658 0.216035 0.003789 
MP85 87.061679 0.276859 0.318003 0.013981 1174161.706320 1270980.328678 96818.622357 120.084499 97.379527 1.267965 98.647491 16437.812587 14311.035707 0.489827 0.273833 1385.340087 1.765970 998.456127 5.000039 4.930669 0.517225 0.117011 4.162359 20.077727 0.220500 0.003794 
MP86 86.838902 0.289680 0.333583 0.013954 1174052.907252 1270871.514217 96818.606965 120.073113 94.949738 1.258324 96.208062 16403.980098 14245.036253 0.499954 0.273309 1413.915560 1.762508 998.453221 5.000039 4.682880 0.513293 0.114421 3.995456 20.091573 0.225058 0.003787 
MP87 86.329645 0.276295 0.320046 0.013974 1174175.685981 1270994.911891 96819.225910 120.086236 92.644919 1.270835 93.915753 16429.572982 14183.592081 0.509920 0.273691 1442.179006 1.765066 998.452200 5.000039 4.447836 0.518396 0.112342 3.840792 20.096615 0.229545 0.003792 
MP88 85.984127 0.280211 0.325886 0.013945 1174070.039167 1270891.230145 96821.190977 120.074661 90.275646 1.266019 91.541666 16393.503337 14095.810808 0.519932 0.273130 1470.424175 1.761359 998.453185 5.000039 4.206219 0.516432 0.109952 3.694319 20.091773 0.234052 0.003784 
MP89 84.140081 0.335227 0.398416 0.010963 1174959.715346 1271787.960027 96828.244681 120.104418 69.192902 1.260574 70.453475 12891.948409 10847.295822 0.519805 0.214710 1470.247488 1.384792 998.459031 2.000135 5.056117 0.514210 0.086456 3.697985 20.064658 0.233995 0.002975 
MP90 84.478211 0.326782 0.386824 0.010967 1174996.642994 1271828.798168 96832.155174 120.109367 70.854898 1.275594 72.130492 12896.535068 10894.762084 0.509931 0.214775 1442.348613 1.385241 998.449760 3.000006 4.225735 0.520337 0.088156 3.842583 20.109261 0.229550 0.002976 
MP91 84.890211 0.332278 0.391421 0.010979 1174873.541508 1271703.840320 96830.298812 120.096795 72.740287 1.244516 73.984803 12909.251135 10958.690577 0.500094 0.215020 1414.449750 1.386749 998.451528 3.000006 4.418006 0.507660 0.089993 3.995236 20.100632 0.225121 0.002979 
MP92 85.295011 0.324324 0.380238 0.010969 1174907.669782 1271738.319885 96830.650103 120.099197 74.596693 1.236609 75.833302 12897.968527 11001.323660 0.489797 0.214824 1385.339947 1.385499 998.459074 3.000006 4.607322 0.504435 0.091801 4.164991 20.064401 0.220486 0.002976 
MP93 85.432845 0.324176 0.379452 0.010985 1175160.355857 1271995.377460 96835.021603 120.124882 76.424812 1.242720 77.667531 12919.943036 11037.874968 0.479767 0.215120 1357.117188 1.387558 998.462522 3.999877 3.793881 0.506927 0.093850 4.340942 20.048089 0.215971 0.002980 
MP94 85.602678 0.319924 0.373731 0.010984 1174981.927449 1271818.809829 96836.882380 120.106861 78.203078 1.227941 79.431019 12916.917974 11057.227740 0.469973 0.215119 1329.313773 1.387444 998.460696 3.999877 3.975228 0.500899 0.095805 4.523750 20.056688 0.211562 0.002980 
MP95 85.587530 0.314873 0.367895 0.010991 1174882.154803 1271720.051537 96837.896734 120.097702 79.938653 1.226311 81.164964 12923.830005 11061.186820 0.460115 0.215260 1301.381148 1.388302 998.453127 3.999877 4.152220 0.500234 0.097922 4.719663 20.092979 0.207125 0.002982 
MP96 85.491321 0.317857 0.371801 0.010993 1174914.096940 1271751.488774 96837.391834 120.101003 81.736993 1.207937 82.944930 12926.525176 11051.057196 0.449823 0.215296 1272.287803 1.388554 998.453099 3.999877 4.335614 0.492739 0.100179 4.938114 20.093148 0.202491 0.002983 
MP97 85.550396 0.305758 0.357401 0.010992 1174990.747308 1271828.985995 96838.238686 120.108512 83.661673 1.205205 84.866877 12925.874452 11058.136792 0.439904 0.215264 1244.271393 1.388394 998.455571 3.999877 4.531892 0.491624 0.102423 5.163318 20.081350 0.198026 0.002982 
MP98 85.423283 0.306804 0.359158 0.010964 1174942.060564 1271781.619627 96839.559063 120.102558 85.274275 1.197172 86.471447 12893.099284 11013.708629 0.430017 0.214734 1216.276287 1.384936 998.459671 3.999877 4.696344 0.488348 0.104519 5.403496 20.061581 0.193576 0.002975 
MP99 84.943348 0.297096 0.349758 0.010970 1174914.673598 1271755.615983 96840.942385 120.099534 86.957322 1.175587 88.132909 12898.768783 10956.645996 0.419730 0.214836 1187.164514 1.385576 998.462313 3.999877 4.867980 0.479543 0.107132 5.671608 20.048838 0.188945 0.002976 
