MP_Name eta e.eta f.eta Q_A p_Duese_rel p_Duese_abs p_amb H_tot M_Generator M_Lager M_mech P_hyd P_mech ku kcm n_rpm v_ME rho Masse_Aufgelegt Masse_Generator_Sensor Masse_Lager_Sensor phi psi T_Water n_ED Q_ED 
[] [%] [%] [%] [m^3/s] [Pa(r)] [Pa(a)] [Pa(a)] [m] [Nm] [Nm] [Nm] [W] [W] [-] [-] [rpm] [m/s] [kg/m^3] [kg] [kg] [kg] [-] [-] [°C] [-] [-] 
MP01 84.106263 0.163456 0.194345 0.035040 1167129.075477 1263666.822018 96537.746541 120.165996 223.182862 2.042329 225.225191 41239.275103 34684.813176 0.519796 0.686065 1470.597345 4.425983 998.791652 18.999977 3.760082 0.833102 0.276258 3.670370 18.383237 0.233990 0.009505 
MP02 84.529834 0.162201 0.191886 0.035006 1167095.305827 1263628.861093 96533.555266 120.160492 228.526479 2.034873 230.561352 41197.485930 34824.166646 0.509817 0.685417 1442.333216 4.421696 998.792674 18.999977 4.305021 0.830061 0.281399 3.815515 18.377804 0.229498 0.009496 
MP03 84.747316 0.165909 0.195769 0.035031 1167110.623525 1263646.765732 96536.142207 120.163397 233.858195 2.032734 235.890929 41227.579972 34939.267437 0.499939 0.685892 1414.405501 4.424817 998.793236 20.000139 3.848584 0.829188 0.287158 3.967728 18.374869 0.225052 0.009503 
MP04 84.753380 0.158701 0.187251 0.035051 1166993.151248 1263529.491632 96536.340384 120.152593 238.938040 2.031290 240.969331 41247.618393 34958.750878 0.489698 0.686318 1385.369165 4.427367 998.792910 20.000139 4.366624 0.828599 0.293345 4.135378 18.376446 0.220442 0.009509 
MP05 84.888837 0.156775 0.184683 0.035050 1166963.605054 1263497.853524 96534.248470 120.149579 244.306658 2.027261 246.333918 41244.653245 35012.106295 0.479771 0.686295 1357.267361 4.427163 998.792117 21.000010 3.914241 0.826955 0.299405 4.308288 18.380578 0.215973 0.009508 
MP06 84.956036 0.156564 0.184288 0.035053 1166890.793025 1263424.914191 96534.121167 120.142424 249.686926 2.017278 251.704204 41246.253740 35041.182097 0.469939 0.686384 1329.412206 4.427602 998.791428 21.999881 3.463047 0.822883 0.305709 4.490446 18.384120 0.211547 0.009509 
MP07 84.939675 0.159892 0.188242 0.035016 1166857.894427 1263389.944363 96532.049937 120.137121 254.753165 2.012080 256.765245 41200.337640 34995.432725 0.460084 0.685666 1301.507009 4.422875 998.789845 21.999881 3.979699 0.820763 0.311930 4.684942 18.392403 0.207111 0.009499 
MP08 84.694186 0.158388 0.187011 0.035033 1166809.233399 1263343.381878 96534.148479 120.133180 260.032999 1.982201 262.015200 41219.940190 34910.892970 0.449784 0.686026 1272.347829 4.425125 998.789746 23.000042 3.517973 0.808575 0.319241 4.901934 18.392870 0.202474 0.009504 
MP09 84.435845 0.162825 0.192838 0.035053 1166860.098660 1263396.706271 96536.607611 120.139316 265.277313 1.956088 267.233401 41245.496197 34825.983107 0.439917 0.686398 1244.468842 4.427635 998.791339 23.000042 4.052785 0.797923 0.326578 5.124238 18.384553 0.198032 0.009510 
MP10 84.211411 0.156486 0.185826 0.035029 1166771.597841 1263308.862140 96537.264299 120.129118 270.506944 1.958721 272.465665 41212.903374 34705.967600 0.430001 0.685944 1216.364557 4.424521 998.789298 23.999914 3.586227 0.798997 0.333889 5.363371 18.395190 0.193568 0.009503 
MP11 83.712234 0.151219 0.180642 0.035053 1166725.494068 1263265.798182 96540.304114 120.125722 275.739376 1.942277 277.681652 41240.942051 34523.713766 0.419714 0.686439 1187.248704 4.427653 998.790151 23.999914 4.119828 0.792289 0.342319 5.629430 18.390652 0.188938 0.009510 
MP12 84.498861 0.156242 0.184905 0.032021 1168532.687323 1265072.970682 96540.283359 120.144746 254.246986 1.885471 256.132457 37679.448624 31838.705077 0.419604 0.627010 1187.031278 4.044647 998.790468 21.999881 3.928079 0.769117 0.312765 5.640213 18.391171 0.188888 0.008687 
MP13 84.935450 0.164541 0.193725 0.032028 1168538.581249 1265078.065104 96539.483855 120.145741 249.402921 1.892060 251.294981 37688.305601 32010.732036 0.429990 0.627150 1216.418940 4.045565 998.790342 21.999881 3.434084 0.771805 0.305278 5.371007 18.391835 0.193564 0.008689 
MP14 85.213204 0.159713 0.187428 0.032030 1168540.970603 1265080.742167 96539.771564 120.146491 244.602333 1.873085 246.475418 37690.042079 32116.892272 0.439851 0.627175 1244.317718 4.045740 998.786711 21.000010 3.944394 0.764065 0.298446 5.132890 18.410936 0.198002 0.008689 
MP15 85.444917 0.162519 0.190204 0.032020 1168350.659616 1264891.846826 96541.187210 120.126558 239.740188 1.862531 241.602719 37672.235263 32189.010252 0.449767 0.627035 1272.263851 4.044500 998.786630 21.000010 3.448555 0.759759 0.291801 4.909073 18.411131 0.202466 0.008687 
MP16 85.668343 0.167168 0.195133 0.032012 1168412.332938 1264955.914373 96543.581435 120.132384 234.925191 1.851175 236.776367 37664.321947 32266.400570 0.460027 0.626858 1301.318340 4.043453 998.786958 20.000139 3.957396 0.755127 0.285212 4.692557 18.409491 0.207085 0.008685 
MP17 85.625738 0.163790 0.191286 0.032039 1168406.279907 1264949.437762 96543.157855 120.133218 230.067697 1.831600 231.899298 37696.391902 32277.813592 0.469866 0.627385 1329.156311 4.046869 998.786603 20.000139 3.462031 0.747142 0.279475 4.498031 18.411347 0.211514 0.008692 
MP18 85.634667 0.166077 0.193937 0.032028 1168341.470289 1264885.660701 96544.190412 120.126003 225.168321 1.823316 226.991637 37681.556675 32268.475602 0.479900 0.627194 1357.500425 4.045518 998.786940 18.999977 3.962558 0.743763 0.273548 4.311917 18.409501 0.216031 0.008689 
MP19 85.542091 0.165784 0.193804 0.032002 1168365.643665 1264906.963086 96541.319421 120.127380 220.205273 1.814018 222.019291 37650.720474 32207.213389 0.489714 0.626672 1385.268064 4.042171 998.784515 18.999977 3.456429 0.739970 0.267843 4.140880 18.422266 0.220449 0.008682 
MP20 85.427011 0.167300 0.195840 0.032014 1168221.186168 1264760.980125 96539.793957 120.113226 215.440012 1.796267 217.236279 37660.538546 32172.272513 0.499983 0.626946 1414.232346 4.043701 998.784811 18.000106 3.970342 0.732729 0.262457 3.972510 18.420532 0.225071 0.008686 
MP21 85.197945 0.170431 0.200042 0.032026 1168368.458492 1264908.755933 96540.297441 120.129047 210.749246 1.781862 212.531108 37679.416449 32102.088413 0.509903 0.627137 1442.388205 4.045200 998.783422 18.000106 3.491980 0.726853 0.257429 3.819421 18.428005 0.229537 0.008689 
MP22 84.881005 0.169011 0.199115 0.031997 1168273.335797 1264814.936346 96541.600549 120.118005 205.728991 1.768796 207.497787 37642.143615 31951.029629 0.519838 0.626604 1470.424636 4.041576 998.782042 16.999945 3.980178 0.721523 0.252294 3.674866 18.435138 0.234009 0.008681 
MP23 85.546184 0.177237 0.207183 0.029030 1170367.747496 1266910.775010 96543.027514 120.184391 188.157177 1.714566 189.871743 34171.261980 29232.210742 0.519611 0.568354 1470.187435 3.666881 998.783599 14.999912 4.188248 0.699402 0.228941 3.682637 18.429489 0.233907 0.007874 
MP24 85.929297 0.171205 0.199239 0.029055 1170296.236156 1266839.993967 96543.757811 120.178254 192.869123 1.710867 194.579990 34198.566557 29386.587878 0.509729 0.568852 1442.189629 3.669998 998.783615 16.000073 3.668608 0.697893 0.233584 3.826776 18.429323 0.229458 0.007881 
MP25 86.250413 0.175254 0.203193 0.029039 1170321.160455 1266864.292489 96543.132034 120.180318 197.306873 1.712256 199.019129 34180.343547 29480.687469 0.499951 0.568536 1414.536530 3.667988 998.781351 16.000073 4.121168 0.698459 0.238020 3.977953 18.441232 0.225057 0.007877 
MP26 86.385577 0.172865 0.200109 0.029037 1170351.422389 1266894.167029 96542.744640 120.183085 201.815781 1.714356 203.530137 34178.585616 29525.368274 0.489605 0.568486 1385.281326 3.667708 998.783171 16.000073 4.580983 0.699316 0.243028 4.147845 18.431716 0.220400 0.007876 
MP27 86.394235 0.168540 0.195083 0.029034 1170197.345841 1266738.344815 96540.998975 120.166979 205.986811 1.713497 207.700308 34170.522868 29521.361847 0.479742 0.568465 1357.283690 3.667327 998.785115 16.999945 4.006471 0.698966 0.248015 4.320153 18.421322 0.215960 0.007876 
MP28 86.511986 0.168297 0.194536 0.029016 1170358.613910 1266898.493913 96539.880003 120.182615 210.547359 1.707880 212.255239 34153.783276 29547.116270 0.469826 0.568076 1329.315486 3.665054 998.784949 18.000106 3.471392 0.696675 0.253076 4.504475 18.422383 0.211496 0.007870 
MP29 86.459815 0.172322 0.199309 0.029032 1170330.705847 1266870.501440 96539.795592 120.180665 215.064911 1.707569 216.772480 34171.988821 29545.038368 0.460007 0.568393 1301.522844 3.667072 998.783732 18.000106 3.932089 0.696547 0.258623 4.698799 18.428743 0.207076 0.007875 
MP30 86.227225 0.168479 0.195389 0.029018 1170105.430860 1266643.934632 96538.503772 120.157521 219.305913 1.694732 221.000645 34149.156384 29445.869899 0.449735 0.568180 1272.337212 3.665343 998.779518 18.000106 4.364584 0.691311 0.264430 4.915914 18.450577 0.202452 0.007872 
MP31 85.979368 0.173140 0.201374 0.029019 1170221.878040 1266759.180968 96537.302928 120.169310 223.624220 1.702813 225.327033 34152.863071 29364.415952 0.439858 0.568157 1244.455731 3.665378 998.780470 18.999977 3.805091 0.694607 0.270358 5.139166 18.445724 0.198006 0.007871 
MP32 85.561656 0.167979 0.196326 0.029060 1170184.549076 1266720.835731 96536.286656 120.167390 228.035920 1.711720 229.747640 34201.122869 29263.047150 0.429909 0.568973 1216.297654 3.670614 998.781033 18.999977 4.254994 0.698241 0.277012 5.379696 18.442719 0.193527 0.007883 
MP33 85.281791 0.164249 0.192595 0.029038 1170236.210517 1266773.760793 96537.550276 120.171503 232.517528 1.702689 234.220217 34176.132788 29146.018001 0.420006 0.568528 1188.300369 3.667803 998.781949 20.000139 3.711864 0.694557 0.283321 5.636425 18.437978 0.189069 0.007877 
MP34 85.778402 0.171566 0.200011 0.026021 1171437.065977 1267974.541242 96537.475265 120.159033 209.514490 1.650517 211.165008 30622.182100 26267.218473 0.419870 0.509487 1187.855233 3.286733 998.781541 16.999945 4.366221 0.673275 0.253980 5.646441 18.441566 0.189008 0.007059 
MP35 86.160785 0.180528 0.209525 0.026031 1171429.392060 1267966.205343 96536.813283 120.158829 205.580812 1.657264 207.238076 30634.097015 26394.578490 0.429901 0.509687 1216.232378 3.288022 998.780309 16.999945 3.965067 0.676027 0.248152 5.386000 18.448020 0.193523 0.007061 
MP36 86.503097 0.179526 0.207537 0.026028 1171429.501841 1267962.270079 96532.768237 120.158734 201.738007 1.630091 203.368098 30630.269240 26496.131616 0.439767 0.509624 1244.145086 3.287614 998.780054 16.999945 3.573180 0.664943 0.242554 5.147041 18.449347 0.197965 0.007061 
MP37 86.736870 0.180846 0.208500 0.026012 1171336.586097 1267867.881794 96531.295697 120.148820 197.644801 1.618119 199.262921 30608.705533 26549.033111 0.449742 0.509329 1272.311930 3.285578 998.777917 16.000073 4.155629 0.660060 0.237038 4.921290 18.460434 0.202455 0.007056 
MP38 87.041265 0.179896 0.206679 0.026013 1171450.297833 1267981.238887 96530.941054 120.160418 193.920017 1.603987 195.524004 30613.444073 26646.329041 0.460000 0.509334 1301.393659 3.285767 998.778556 16.000073 3.775778 0.654295 0.231754 4.704253 18.457221 0.207073 0.007057 
MP39 86.961700 0.174415 0.200565 0.026044 1171351.068597 1267878.251318 96527.182721 120.151698 189.855109 1.596589 191.451698 30647.554015 26651.633914 0.469895 0.509957 1329.339771 3.289670 998.777692 14.999912 4.361402 0.651277 0.227151 4.508163 18.461619 0.211527 0.007065 
MP40 86.803190 0.179070 0.206294 0.026039 1171393.834343 1267920.139682 96526.305340 120.155947 185.550424 1.594743 187.145168 30643.152962 26599.234279 0.479754 0.509857 1357.256403 3.289083 998.777027 14.999912 3.922413 0.650524 0.222440 4.324779 18.465153 0.215965 0.007064 
MP41 87.013687 0.181148 0.208184 0.026022 1171338.220937 1267863.145289 96524.924353 120.149524 182.086853 1.582979 183.669832 30621.189134 26644.625730 0.489679 0.509533 1385.297905 3.286901 998.777135 14.000041 4.569071 0.645725 0.217792 4.151268 18.464516 0.220433 0.007059 
MP42 86.884463 0.188284 0.216706 0.026006 1171253.998937 1267777.820369 96523.821432 120.140510 177.944865 1.575712 179.520577 30599.992441 26586.638973 0.499926 0.509239 1414.231759 3.284879 998.774945 14.000041 4.146673 0.642761 0.213205 3.982865 18.475886 0.225046 0.007055 
MP43 86.471552 0.185642 0.214686 0.026037 1171395.701485 1267920.506928 96524.805443 120.156069 173.881773 1.567515 175.449288 30640.793893 26495.569941 0.509741 0.509817 1442.092232 3.288827 998.776887 14.000041 3.732321 0.639417 0.209338 3.830914 18.465887 0.229464 0.007063 
MP44 86.068304 0.180130 0.209287 0.026023 1171460.914580 1267985.933314 96525.018734 120.162101 169.665093 1.561170 171.226263 30624.866202 26358.302853 0.519594 0.509514 1470.003762 3.286953 998.776870 12.999879 4.302469 0.636829 0.205246 3.687023 18.466055 0.233900 0.007059 
MP45 86.430820 0.192998 0.223298 0.023012 1172464.784099 1268985.727932 96520.943833 120.144620 150.465664 1.505841 151.971505 27078.047381 23403.778344 0.519843 0.450603 1470.602141 2.906700 998.775964 11.000137 4.344264 0.614259 0.181428 3.687183 18.471998 0.234012 0.006243 
MP46 86.945165 0.192136 0.220985 0.023012 1172459.559581 1268983.689565 96524.129983 120.144129 154.363067 1.501236 155.864303 27078.006911 23543.017757 0.509877 0.450606 1442.403776 2.906708 998.775636 12.000008 3.741848 0.612381 0.184975 3.832742 18.473718 0.229525 0.006243 
MP47 87.210362 0.203978 0.233892 0.022978 1172406.875773 1268931.451205 96524.575432 120.137472 157.729566 1.499329 159.228895 27036.054722 23578.241251 0.499863 0.449945 1414.037438 2.902366 998.775564 12.000008 4.085162 0.611603 0.188404 3.987879 18.474033 0.225018 0.006234 
MP48 87.333088 0.193666 0.221756 0.023016 1172439.877526 1268963.782475 96523.904949 120.142143 161.570418 1.500322 163.070741 27081.886532 23651.447811 0.489593 0.450681 1385.010510 2.907170 998.776576 12.000008 4.476850 0.612008 0.192671 4.156899 18.468770 0.220394 0.006244 
MP49 87.455577 0.193918 0.221734 0.022999 1172456.159085 1268979.731607 96523.572522 120.142649 164.968135 1.500085 166.468221 27061.718157 23666.981875 0.479915 0.450341 1357.634678 2.904980 998.780811 12.999879 3.823476 0.611911 0.196408 4.326273 18.446588 0.216037 0.006239 
MP50 87.494980 0.192204 0.219674 0.022980 1172442.246581 1268970.708021 96528.461439 120.140411 168.426188 1.503427 169.929616 27039.052350 23657.813387 0.469961 0.449976 1329.465000 2.902599 998.781751 12.999879 4.176126 0.613275 0.200405 4.511494 18.441652 0.211557 0.006234 
MP51 87.412209 0.194373 0.222363 0.022975 1172399.971438 1268927.917314 96527.945876 120.136070 171.897401 1.501371 173.398772 27032.752297 23629.926034 0.460024 0.449896 1301.330852 2.902031 998.780551 12.999879 4.530118 0.612436 0.204698 4.708511 18.447894 0.207084 0.006233 
MP52 87.129485 0.194759 0.223528 0.022977 1172400.171628 1268928.061031 96527.889403 120.136302 175.293554 1.496389 176.789943 27035.032628 23555.484706 0.449778 0.449933 1272.347880 2.902273 998.779389 14.000041 3.876294 0.610404 0.209378 4.925473 18.453990 0.202471 0.006234 
MP53 86.888853 0.188074 0.216453 0.022979 1172297.052335 1268826.224566 96529.172231 120.126075 178.746541 1.497763 180.244304 27034.796647 23490.224675 0.439955 0.449987 1244.506022 2.902501 998.777429 14.000041 4.228428 0.610964 0.214079 5.147879 18.464143 0.198049 0.006234 
MP54 86.514763 0.188437 0.217809 0.022988 1172307.315259 1268836.013235 96528.697975 120.127475 182.223890 1.507904 183.731795 27045.760026 23398.575318 0.429917 0.450162 1216.120137 2.903644 998.777315 14.000041 4.583046 0.615101 0.219162 5.391048 18.464749 0.193531 0.006237 
MP55 85.977723 0.180080 0.209450 0.023007 1172433.536881 1268959.935388 96526.398507 120.141118 185.651776 1.499176 187.150952 27071.425383 23275.395075 0.419817 0.450512 1187.616993 2.906071 998.777009 14.999912 3.932749 0.611540 0.224610 5.653537 18.466497 0.188984 0.006242 
MP56 86.235144 0.190284 0.220657 0.019993 1173654.984789 1270186.480819 96531.496030 120.159674 161.528337 1.458885 162.987222 23528.174341 20289.554959 0.420185 0.391454 1188.749492 2.525304 998.782912 12.000008 4.472558 0.595105 0.194995 5.648616 18.437030 0.189150 0.005423 
MP57 86.629797 0.201710 0.232842 0.019981 1173660.610430 1270191.681269 96531.070839 120.160051 158.465411 1.474919 159.940330 23514.707554 20370.743304 0.429902 0.391229 1216.242766 2.523854 998.781447 12.000008 4.160203 0.601646 0.190477 5.396161 18.444719 0.193524 0.005420 
MP58 86.938628 0.205721 0.236628 0.019994 1173578.710040 1270109.967064 96531.257024 120.152246 155.518896 1.472592 156.991488 23528.391683 20455.260831 0.439809 0.391495 1244.228941 2.525490 998.780312 12.000008 3.859719 0.600696 0.186314 5.155788 18.450574 0.197984 0.005424 
MP59 87.269461 0.207222 0.237451 0.019978 1173572.405292 1270105.150545 96532.745253 120.151346 152.521648 1.477949 153.999597 23509.388311 20516.516458 0.449698 0.391184 1272.200086 2.523474 998.778121 11.000137 4.553932 0.602881 0.182072 4.931549 18.462056 0.202435 0.005420 
MP60 87.539812 0.206713 0.236136 0.019978 1173617.232973 1270150.635947 96533.402974 120.156091 149.513842 1.480031 150.993872 23509.906477 20580.528027 0.460071 0.391170 1301.573122 2.523434 998.776632 11.000137 4.247198 0.603731 0.177960 4.711664 18.469914 0.207105 0.005419 
MP61 87.643796 0.206020 0.235065 0.019986 1173501.743039 1270035.867311 96534.124272 120.144870 146.597129 1.477399 148.074528 23516.652715 20610.887031 0.469856 0.391338 1329.191969 2.524401 998.773949 9.999975 4.949915 0.602657 0.174329 4.517462 18.483824 0.211509 0.005422 
MP62 87.639408 0.205708 0.234721 0.019994 1173556.853725 1270089.007416 96532.153691 120.150698 143.601778 1.484245 145.086023 23527.902274 20619.714197 0.479728 0.391497 1357.151863 2.525484 998.774602 9.999975 4.644451 0.605450 0.170811 4.333443 18.480469 0.215953 0.005424 
MP63 87.589397 0.210731 0.240590 0.019995 1173533.284767 1270067.181287 96533.896519 120.148595 140.564474 1.493320 142.057794 23528.257755 20608.259201 0.489686 0.391514 1385.312084 2.525572 998.772261 9.999975 4.334709 0.609152 0.167344 4.158982 18.492692 0.220436 0.005424 
MP64 87.509625 0.217849 0.248943 0.019983 1173501.110339 1270035.269353 96534.159014 120.145251 137.478668 1.497828 138.976496 23514.131829 20577.128685 0.499794 0.391296 1413.887315 2.524133 998.769658 9.999975 4.020020 0.610990 0.163869 3.992472 18.506266 0.224986 0.005421 
MP65 87.166614 0.211059 0.242133 0.019998 1173516.694362 1270053.103620 96536.409258 120.147203 134.292423 1.508680 135.801103 23532.150620 20512.178936 0.509862 0.391586 1442.380630 2.526024 998.770713 9.000104 4.694959 0.615417 0.160752 3.836340 18.500774 0.229519 0.005425 
MP66 86.804199 0.212373 0.244658 0.019991 1173532.103535 1270070.332662 96538.229127 120.147986 131.093373 1.518438 132.611811 23523.306612 20419.217889 0.519756 0.391433 1470.375574 2.525046 998.775204 9.000104 4.368722 0.619398 0.157630 3.691680 18.477298 0.233972 0.005423 
MP67 86.645354 0.240504 0.277572 0.016996 1173896.792619 1270438.962133 96542.169514 120.094980 111.005903 1.486657 112.492560 19990.822218 17321.118697 0.519865 0.332872 1470.359458 2.146806 998.776364 7.000071 4.320247 0.606434 0.134020 3.692904 18.471676 0.234022 0.004612 
MP68 86.986955 0.239937 0.275831 0.017002 1174023.772713 1270568.683775 96544.911061 120.108132 113.729871 1.478670 115.208541 20000.376841 17397.718848 0.509826 0.332976 1442.045671 2.147597 998.776251 7.000071 4.598035 0.603176 0.136701 3.839759 18.472425 0.229503 0.004613 
MP69 87.345303 0.240132 0.274922 0.016990 1174042.184469 1270586.030842 96543.846374 120.109745 116.404364 1.464702 117.869067 19985.885283 17456.731989 0.500006 0.332728 1414.277010 2.146014 998.775587 7.999943 3.870907 0.597478 0.139283 3.992089 18.475920 0.225082 0.004610 
MP70 87.540676 0.234798 0.268216 0.016995 1173906.585875 1270450.239820 96543.653945 120.096072 119.180181 1.456234 120.636416 19989.191575 17498.673455 0.489737 0.332840 1385.154075 2.146614 998.775247 7.999943 4.153983 0.594024 0.142251 4.161242 18.477541 0.220459 0.004611 
MP71 87.600052 0.228051 0.260333 0.017005 1173993.068359 1270540.971211 96547.902853 120.105166 121.832696 1.447100 123.279797 20003.311425 17522.911269 0.479882 0.333038 1357.330894 2.147967 998.775518 7.999943 4.424485 0.590298 0.145258 4.333907 18.476236 0.216023 0.004614 
MP72 87.550152 0.226276 0.258453 0.016994 1174003.788825 1270553.839524 96550.050698 120.106082 124.290043 1.436281 125.726325 19990.074087 17501.340307 0.469963 0.332814 1329.280002 2.146531 998.774382 7.999943 4.675084 0.585885 0.148224 4.518794 18.482201 0.211558 0.004611 
MP73 87.297033 0.223632 0.256174 0.017016 1173908.488069 1270459.164004 96550.675935 120.097056 126.828901 1.426508 128.255409 20014.776597 17472.306119 0.459949 0.333263 1300.906018 2.149347 998.773651 9.000104 3.933834 0.581898 0.151656 4.717682 18.485912 0.207050 0.004617 
MP74 87.160625 0.229017 0.262753 0.017005 1173917.080510 1270467.480080 96550.399569 120.097723 129.435771 1.418238 130.854009 20002.125037 17433.977254 0.449824 0.333050 1272.274504 2.147978 998.772908 9.000104 4.199681 0.578524 0.154970 4.932446 18.489812 0.202492 0.004614 
MP75 86.938880 0.222167 0.255544 0.017007 1173963.836250 1270513.865108 96550.028858 120.102733 132.071178 1.410735 133.481914 20004.357392 17391.564216 0.439887 0.333067 1244.192567 2.148132 998.771222 9.000104 4.468438 0.575464 0.158479 5.157828 18.498683 0.198019 0.004614 
MP76 86.334869 0.222710 0.257961 0.017018 1173949.704430 1270498.837945 96549.133515 120.101749 134.292643 1.417843 135.710486 20018.094098 17282.595291 0.429954 0.333300 1216.093412 2.149627 998.770129 9.999975 3.695111 0.578363 0.162254 5.398877 18.504382 0.193547 0.004618 
MP77 85.893261 0.211713 0.246484 0.017010 1173886.052610 1270434.206083 96548.153474 120.094965 136.782359 1.402750 138.185110 20006.926976 17184.601962 0.419872 0.333142 1187.543731 2.148548 998.770532 9.999975 3.949011 0.572207 0.166071 5.661276 18.502195 0.189009 0.004615 
MP78 85.392544 0.237785 0.278461 0.013984 1174660.330721 1271204.661823 96544.331103 120.098342 111.668562 1.369755 113.038317 16448.532683 14045.820439 0.419521 0.273880 1186.568489 1.766371 998.765454 7.000071 4.387824 0.558747 0.136643 5.674355 18.529645 0.188851 0.003794 
MP79 85.885948 0.255022 0.296932 0.013971 1174641.754827 1271187.959704 96546.204877 120.096039 109.423344 1.379163 110.802507 16432.877896 14113.533001 0.430054 0.273627 1216.347137 1.764722 998.766362 7.000071 4.158858 0.562585 0.133174 5.399827 18.524883 0.193592 0.003791 
MP80 86.334443 0.251179 0.290937 0.013972 1174507.652927 1271057.069721 96549.416795 120.082172 107.505021 1.379664 108.884685 16432.473014 14186.883984 0.439928 0.273667 1244.204016 1.764879 998.768054 5.999910 4.963390 0.562790 0.130203 5.160139 18.515892 0.198037 0.003791 
MP81 86.435756 0.253286 0.293033 0.013990 1174674.573010 1271224.112979 96549.539969 120.099574 105.373889 1.379894 106.753783 16455.037024 14223.035715 0.449821 0.273983 1272.273283 1.767046 998.768314 5.999910 4.746058 0.562883 0.127487 4.935661 18.514736 0.202490 0.003796 
MP82 86.626827 0.255325 0.294741 0.013990 1174532.693740 1271086.616163 96553.922423 120.085362 103.204315 1.385527 104.589842 16453.793640 14253.399274 0.460135 0.274012 1301.368612 1.767126 998.766148 5.999910 4.524806 0.565181 0.124643 4.716871 18.525891 0.207133 0.003796 
MP83 86.664700 0.257457 0.297072 0.013989 1174604.270420 1271162.021622 96557.751203 120.092536 101.057892 1.384341 102.442233 16453.872421 14259.699137 0.469974 0.273988 1329.237877 1.767027 998.767116 5.999910 4.305915 0.564697 0.122022 4.521425 18.520927 0.211563 0.003796 
MP84 86.688595 0.260869 0.300926 0.013985 1174521.329911 1271081.297632 96559.967721 120.084009 98.934726 1.395227 100.329953 16447.895777 14258.449692 0.479844 0.273918 1357.103847 1.766511 998.766825 5.999910 4.089396 0.569138 0.119482 4.337345 18.522355 0.216006 0.003795 
MP85 86.601089 0.258768 0.298805 0.013978 1174690.062994 1271251.852380 96561.789386 120.101432 96.738040 1.403954 98.141994 16441.020433 14238.102662 0.489806 0.273745 1385.379073 1.765522 998.763729 5.000039 4.865250 0.572698 0.116978 4.162715 18.538723 0.220490 0.003793 
MP86 86.228160 0.269832 0.312928 0.013973 1174843.850240 1271404.378858 96560.528618 120.117064 94.286563 1.415321 95.701884 16437.753657 14173.972552 0.500000 0.273637 1414.303058 1.764942 998.763448 5.000039 4.615250 0.577334 0.114548 3.994716 18.540371 0.225079 0.003791 
MP87 86.086204 0.265122 0.307973 0.013959 1174637.840654 1271198.154379 96560.313724 120.095898 92.163902 1.414792 93.578694 16419.012410 14134.504499 0.509965 0.273397 1442.364394 1.763243 998.761990 5.000039 4.398782 0.577119 0.112211 3.840125 18.547729 0.229565 0.003788 
MP88 85.558780 0.267687 0.312869 0.013969 1174652.493208 1271211.993036 96559.499828 120.097125 89.894037 1.416463 91.310500 16430.526268 14057.757887 0.519792 0.273584 1470.167177 1.764454 998.766047 5.000039 4.167303 0.577800 0.110165 3.696286 18.526574 0.233989 0.003790 
MP89 83.776275 0.322352 0.384778 0.010976 1175414.413088 1271975.783675 96561.370587 120.114349 68.856677 1.402070 70.258747 12912.003985 10817.195929 0.519778 0.214951 1470.231346 1.386407 998.764674 2.000135 5.021829 0.571929 0.086557 3.698366 18.534658 0.233982 0.002978 
MP90 84.173084 0.323390 0.384197 0.010997 1175387.503793 1271942.202382 96554.698590 120.112469 70.699002 1.393471 72.092473 12935.910742 10888.554965 0.509903 0.215355 1442.287060 1.389002 998.760509 3.000006 4.209837 0.568422 0.088400 3.842994 18.556332 0.229537 0.002984 
MP91 84.690349 0.319863 0.377685 0.010966 1175408.362210 1271962.153506 96553.791296 120.113853 72.365417 1.385801 73.751218 12899.935834 10925.000660 0.500100 0.214752 1414.567435 1.385121 998.762147 3.000006 4.379777 0.565293 0.089880 3.995147 18.547815 0.225124 0.002975 
MP92 84.753352 0.327183 0.386041 0.010998 1175473.649702 1272025.089766 96551.440064 120.121024 74.220010 1.377726 75.597735 12937.942027 10965.339554 0.489671 0.215365 1385.111328 1.389118 998.762647 3.000006 4.568908 0.561999 0.092056 4.167107 18.545282 0.220430 0.002984 
MP93 85.130740 0.305710 0.359107 0.010977 1175296.329477 1271844.396310 96548.066833 120.102508 75.978601 1.363345 77.341945 12911.958543 10992.045889 0.479831 0.214983 1357.171790 1.386541 998.763034 3.000006 4.748248 0.556132 0.093777 4.339789 18.543040 0.216000 0.002978 
MP94 85.253659 0.314241 0.368595 0.010987 1175423.391464 1271969.447108 96546.055644 120.115182 77.818583 1.352654 79.171237 12924.572500 11018.670992 0.469855 0.215158 1329.025056 1.387744 998.766941 3.000006 4.935888 0.551771 0.095846 4.526028 18.522796 0.211509 0.002981 
MP95 85.110559 0.316946 0.372393 0.011005 1175393.896874 1271939.735384 96545.838509 120.112650 79.516202 1.340730 80.856931 12946.128961 11018.522782 0.460058 0.215524 1301.300211 1.390090 998.765718 3.999877 4.109139 0.546907 0.098054 4.720828 18.529145 0.207099 0.002986 
MP96 85.302945 0.305065 0.357626 0.010982 1175410.947448 1271952.629788 96541.682339 120.113963 81.383622 1.327437 82.711059 12918.664473 11020.001208 0.449803 0.215063 1272.299753 1.387125 998.765780 3.999877 4.299578 0.541485 0.100075 4.938563 18.528833 0.202482 0.002980 
MP97 85.017302 0.304435 0.358086 0.010978 1175397.659625 1271941.725147 96544.065522 120.112743 82.942744 1.317175 84.259919 12914.499688 10979.559150 0.439917 0.214997 1244.329068 1.386695 998.764142 3.999877 4.458576 0.537299 0.102293 5.163031 18.537370 0.198032 0.002979 
MP98 84.636079 0.288718 0.341129 0.010996 1175400.496714 1271945.749768 96545.253054 120.113977 84.645533 1.320147 85.965680 12935.735154 10948.299074 0.429958 0.215349 1216.166212 1.388968 998.758957 3.999877 4.632225 0.538511 0.104833 5.404962 18.564415 0.193549 0.002984 
MP99 84.386763 0.282090 0.334282 0.010989 1175384.180223 1271930.813200 96546.632977 120.112170 86.440944 1.296084 87.737028 12926.324733 10908.106965 0.419734 0.215197 1187.238175 1.387978 998.758968 3.999877 4.815320 0.528696 0.107311 5.671485 18.564340 0.188947 0.002981 
