MP_Name eta e.eta f.eta Q_A p_Duese_rel p_Duese_abs p_amb H_tot M_Generator M_Lager M_mech P_hyd P_mech ku kcm n_rpm v_ME rho Masse_Aufgelegt Masse_Generator_Sensor Masse_Lager_Sensor phi psi T_Water n_ED Q_ED 
[] [%] [%] [%] [m^3/s] [Pa(r)] [Pa(a)] [Pa(a)] [m] [Nm] [Nm] [Nm] [W] [W] [-] [-] [rpm] [m/s] [kg/m^3] [kg] [kg] [kg] [-] [-] [°C] [-] [-] 
MP01 85.617969 0.175284 0.204729 0.035034 1166863.197327 1263913.682663 97050.485335 120.138745 227.524154 1.750512 229.274665 41222.155455 35293.572333 0.519636 0.686015 1469.978331 4.425159 998.789412 18.999977 4.202804 0.714065 0.276323 3.672633 18.395939 0.233918 0.009504 
MP02 86.133177 0.173579 0.201524 0.035049 1166806.223218 1263853.069928 97046.846710 120.134067 233.209484 1.949133 235.158617 41238.097267 35519.683418 0.509890 0.686322 1442.379600 4.427054 998.787031 18.999977 4.782591 0.795086 0.281731 3.814346 18.408384 0.229531 0.009509 
MP03 86.628960 0.178880 0.206490 0.035066 1166654.725619 1263705.760404 97051.034785 120.119662 239.356729 1.957289 241.314018 41253.664533 35737.620540 0.499962 0.686705 1414.211825 4.429258 998.786459 20.000139 4.409322 0.798413 0.287485 3.967292 18.411218 0.225062 0.009514 
MP04 86.982544 0.173366 0.199311 0.035069 1166759.067083 1263815.428104 97056.361021 120.130513 245.379866 1.952654 247.332520 41261.003152 35889.870254 0.489852 0.686735 1385.677127 4.429647 998.786280 20.000139 5.023558 0.796522 0.293431 4.132738 18.412295 0.220511 0.009514 
MP05 87.253308 0.172067 0.197204 0.035036 1166656.016645 1263715.502784 97059.486138 120.118192 251.094830 1.938179 253.033008 41217.829796 35963.920005 0.479829 0.686122 1357.254299 4.425469 998.785546 21.000010 4.606495 0.790617 0.299293 4.307264 18.416036 0.215999 0.009506 
MP06 87.366153 0.170017 0.194603 0.035061 1166633.443055 1263693.563636 97060.120581 120.117138 256.993192 1.924440 258.917632 41246.667677 36035.626683 0.469860 0.686610 1329.051575 4.428598 998.786904 21.999881 4.208136 0.785013 0.305861 4.491912 18.408877 0.211512 0.009513 
MP07 87.389690 0.169155 0.193564 0.035057 1166609.664768 1263669.108013 97059.443245 120.114841 262.585184 1.916420 264.501604 41241.708527 36041.001407 0.460014 0.686549 1301.187618 4.428163 998.784155 21.999881 4.778404 0.781742 0.312380 4.686271 18.423290 0.207079 0.009512 
MP08 87.225732 0.170986 0.196027 0.035034 1166520.215771 1263580.514735 97060.298963 120.104023 267.852209 1.910166 269.762375 41210.169941 35945.872471 0.449873 0.686115 1272.445045 4.425163 998.786930 23.000042 4.315371 0.779190 0.319219 4.899985 18.408602 0.202514 0.009506 
MP09 86.883903 0.173780 0.200014 0.035041 1166562.561424 1263623.091850 97060.530426 120.108909 272.931685 1.905294 274.836980 41219.973552 35813.521797 0.439932 0.686237 1244.351986 4.426041 998.785534 23.000042 4.833373 0.777203 0.326491 5.123924 18.415988 0.198039 0.009507 
MP10 86.342755 0.170656 0.197650 0.035062 1166494.558781 1263556.912188 97062.353407 120.103356 277.680933 1.908133 279.589066 41243.465837 35610.744785 0.430016 0.686677 1216.276332 4.428775 998.784230 23.999914 4.317827 0.778361 0.334234 5.362902 18.422764 0.193575 0.009513 
MP11 85.760873 0.166184 0.193776 0.035059 1166461.721535 1263525.449295 97063.727761 120.099766 282.597366 1.900508 284.497874 41238.124206 35366.175340 0.419700 0.686619 1187.081269 4.428332 998.784540 23.999914 4.819202 0.775251 0.342420 5.629776 18.421096 0.188931 0.009513 
MP12 86.339386 0.172543 0.199842 0.032033 1168288.876223 1265355.241443 97066.365220 120.121491 259.934355 1.806098 261.740453 37686.236543 32538.065176 0.419673 0.627311 1187.113536 4.046193 998.782081 21.999881 4.508074 0.736739 0.312862 5.638302 18.436215 0.188919 0.008691 
MP13 86.768238 0.186257 0.214661 0.032059 1168360.351968 1265435.784896 97075.432928 120.130146 255.117311 1.810285 256.927596 37718.928524 32728.049611 0.430016 0.627787 1216.412161 4.049412 998.781845 21.999881 4.016835 0.738447 0.305570 5.370294 18.437561 0.193575 0.008698 
MP14 87.251345 0.182299 0.208935 0.032060 1168273.223015 1265357.234589 97084.011574 120.121528 250.757216 1.795014 252.552230 37717.767097 32909.258960 0.439904 0.627837 1244.337754 4.049585 998.780110 21.000010 4.572066 0.732218 0.298725 5.131583 18.446582 0.198026 0.008698 
MP15 87.649847 0.177534 0.202550 0.032035 1168348.378536 1265433.249610 97084.871073 120.127798 246.142825 1.783887 247.926712 37689.732231 33034.992679 0.449811 0.627320 1272.395946 4.046361 998.780729 21.000010 4.101493 0.727679 0.291905 4.908073 18.443430 0.202486 0.008691 
MP16 88.023873 0.181594 0.206301 0.032031 1168283.010661 1265360.996290 97077.985629 120.121046 241.599417 1.771971 243.371389 37683.245084 33170.251891 0.460120 0.627266 1301.519355 4.045896 998.779769 20.000139 4.638030 0.722818 0.285340 4.690622 18.448370 0.207127 0.008690 
MP17 87.928523 0.178918 0.203481 0.032025 1168099.801159 1265170.736325 97070.935165 120.102070 236.174544 1.759832 237.934376 37670.435831 33123.057782 0.470001 0.627201 1329.366138 4.045161 998.779485 20.000139 4.084804 0.717867 0.279312 4.495463 18.449619 0.211575 0.008689 
MP18 87.715819 0.179268 0.204374 0.032043 1168216.907570 1265291.803604 97074.896034 120.114866 230.841729 1.750469 232.592198 37695.654757 33065.052324 0.479929 0.627521 1357.517554 4.047434 998.780316 18.999977 4.541129 0.714047 0.273674 4.311377 18.445412 0.216044 0.008694 
MP19 87.481065 0.178469 0.204009 0.032047 1168287.253834 1265367.951119 97080.697285 120.122218 225.642923 1.741384 227.384307 37702.374930 32982.438990 0.489679 0.627575 1385.139969 4.047907 998.780531 18.999977 4.010958 0.710341 0.268248 4.141385 18.444385 0.220433 0.008695 
MP20 87.234795 0.180550 0.206970 0.032023 1168214.495911 1265302.765699 97088.269789 120.113723 220.147770 1.727009 221.874780 37670.973369 32862.196429 0.500027 0.627120 1414.360211 4.044829 998.778825 18.000106 4.450436 0.704478 0.262506 3.971793 18.453263 0.225091 0.008688 
MP21 86.731414 0.177220 0.204332 0.032040 1168152.021084 1265240.922052 97088.900967 120.108452 214.710780 1.712718 216.423498 37689.059461 32688.254212 0.509919 0.627463 1442.310273 4.046956 998.776895 18.000106 3.895975 0.698648 0.257554 3.819151 18.463304 0.229544 0.008693 
MP22 86.196028 0.180773 0.209724 0.032018 1168137.309769 1265225.735858 97088.426090 120.105766 209.143032 1.703010 210.846042 37662.707226 32463.757614 0.519819 0.627045 1470.295799 4.044215 998.777342 16.999945 4.328340 0.694688 0.252481 3.675100 18.460944 0.234001 0.008687 
MP23 86.643593 0.187934 0.216905 0.029045 1169327.788531 1266417.816393 97090.027862 120.079691 190.564668 1.659709 192.224377 34157.894938 29595.627446 0.519859 0.568879 1470.247573 3.668667 998.776786 14.999912 4.433762 0.677025 0.229043 3.679089 18.465290 0.234019 0.007881 
MP24 87.379977 0.187999 0.215152 0.029028 1169377.645804 1266466.804262 97089.158457 120.083957 195.842717 1.657278 197.499995 34139.262800 29830.879840 0.509985 0.568538 1442.348996 3.666535 998.777007 16.000073 3.971854 0.676033 0.233338 3.822952 18.464189 0.229574 0.007877 
MP25 87.854053 0.188506 0.214567 0.029032 1169357.464916 1266446.251061 97088.786145 120.082223 200.873626 1.653022 202.526648 34143.216302 29996.199338 0.500087 0.568617 1414.345255 3.667017 998.775784 16.000073 4.484903 0.674297 0.237989 3.975775 18.470574 0.225118 0.007878 
MP26 88.158049 0.187075 0.212204 0.029030 1169290.077308 1266377.790459 97087.713151 120.075139 205.851574 1.651613 207.503187 34139.264440 30096.509532 0.489740 0.568601 1385.041356 3.666805 998.776827 16.000073 4.992551 0.673722 0.243010 4.145546 18.465025 0.220461 0.007878 
MP27 88.192220 0.181834 0.206179 0.029032 1169338.428737 1266424.885243 97086.456506 120.080427 210.188007 1.654559 211.842566 34143.139352 30111.592424 0.479938 0.568629 1357.350092 3.667068 998.774706 16.999945 4.434906 0.674924 0.247985 4.316605 18.476189 0.216048 0.007878 
MP28 88.384722 0.182686 0.206694 0.029036 1169320.671101 1266410.317960 97089.646859 120.078959 215.143312 1.657404 216.800716 34147.841318 30181.474786 0.470053 0.568719 1329.386081 3.667622 998.773557 18.000106 3.940084 0.676085 0.253240 4.500054 18.482193 0.211598 0.007879 
MP29 88.353139 0.182038 0.206034 0.029048 1169374.091847 1266464.184681 97090.092834 120.084877 219.897576 1.654865 221.552441 34163.056296 30184.132486 0.460001 0.568930 1300.988749 3.669073 998.774220 18.000106 4.424921 0.675049 0.258870 4.698859 18.478786 0.207073 0.007882 
MP30 88.156516 0.179335 0.203428 0.029052 1169408.962627 1266500.039867 97091.077240 120.088562 224.428934 1.654245 226.083180 34168.666463 30121.906003 0.449846 0.568997 1272.288431 3.669561 998.774701 18.000106 4.887027 0.674796 0.264745 4.913388 18.476312 0.202502 0.007883 
MP31 87.827569 0.186406 0.212240 0.029024 1169334.195340 1266424.669540 97090.474200 120.079521 228.398841 1.655363 230.054204 34133.295430 29978.443428 0.439993 0.568472 1244.372162 3.666035 998.775445 18.999977 4.292004 0.675252 0.270424 5.135983 18.472322 0.198066 0.007876 
MP32 87.264634 0.183422 0.210191 0.029064 1169161.028851 1266254.210748 97093.181897 120.063884 232.498926 1.665726 234.164652 34176.244260 29823.774389 0.430067 0.569299 1216.221426 3.671131 998.774289 18.999977 4.710129 0.679479 0.277068 5.375700 18.478176 0.193598 0.007887 
MP33 86.853479 0.176554 0.203278 0.029030 1169189.750489 1266286.628543 97096.878054 120.065338 236.654094 1.663898 238.317992 34136.044263 29648.341899 0.420084 0.568619 1187.995954 3.666773 998.773015 20.000139 4.133708 0.678733 0.283314 5.634322 18.484890 0.189104 0.007878 
MP34 87.091784 0.181403 0.208289 0.026034 1171243.487336 1268341.228879 97097.741542 120.141006 213.065792 1.614840 214.680632 30632.416278 26678.317902 0.419489 0.509777 1186.689118 3.288358 998.771571 16.999945 4.728381 0.658722 0.254356 5.656665 18.494908 0.188837 0.007063 
MP35 87.684260 0.187013 0.213279 0.026019 1171322.849452 1268420.033413 97097.183961 120.148307 209.137502 1.620315 210.757817 30617.346459 26846.593824 0.429979 0.509479 1216.401321 3.286535 998.773172 16.999945 4.327776 0.660955 0.248005 5.384053 18.486629 0.193559 0.007059 
MP36 87.962811 0.188118 0.213860 0.026049 1171244.379072 1268345.364922 97100.985850 120.141988 205.276250 1.605081 206.881331 30650.821263 26961.323920 0.439920 0.510078 1244.489668 3.290313 998.769608 16.999945 3.934008 0.654741 0.242686 5.143432 18.505185 0.198033 0.007067 
MP37 88.457627 0.189250 0.213944 0.026021 1171282.927347 1268385.175180 97102.247833 120.144725 201.706975 1.594856 203.301831 30617.907810 27083.874753 0.449695 0.509513 1272.157517 3.286705 998.769522 16.000073 4.569887 0.650570 0.237148 4.922300 18.505685 0.202434 0.007059 
MP38 88.661173 0.189535 0.213775 0.026009 1171463.334936 1268566.439609 97103.104673 120.162447 197.619100 1.578393 199.197493 30609.305233 27138.568947 0.459854 0.509256 1300.991492 3.285291 998.771396 16.000073 4.153008 0.643854 0.231792 4.707248 18.496105 0.207007 0.007055 
MP39 88.642214 0.187773 0.211833 0.026023 1171243.580787 1268348.448157 97104.867370 120.140771 193.402363 1.572533 194.974896 30619.529717 27141.829204 0.469912 0.509565 1329.326914 3.286987 998.769781 14.999912 4.723149 0.641464 0.226968 4.507872 18.504287 0.211535 0.007060 
MP40 88.518655 0.195381 0.220723 0.026032 1171275.275476 1268383.455992 97108.180516 120.144567 189.182103 1.564217 190.746320 30631.476556 27114.570913 0.479839 0.509740 1357.431582 3.288170 998.768412 14.999912 4.292769 0.638072 0.222349 4.323263 18.511489 0.216003 0.007062 
MP41 88.475060 0.192424 0.217489 0.026024 1171275.271173 1268384.434990 97109.163817 120.144207 185.244455 1.546022 186.790477 30622.024025 27092.854090 0.489609 0.509585 1385.069000 3.287164 998.768605 14.000041 4.891081 0.630650 0.217846 4.152452 18.510485 0.220402 0.007060 
MP42 88.099094 0.196061 0.222546 0.026038 1171271.834892 1268381.183037 97109.348145 120.144310 180.737134 1.533419 182.270553 30637.707962 26991.542987 0.499874 0.509845 1414.108010 3.288842 998.769511 14.000041 4.431427 0.625509 0.213481 3.983645 18.505741 0.225022 0.007064 
MP43 87.681815 0.198097 0.225927 0.026036 1171261.749827 1268373.277669 97111.527842 120.143428 176.308147 1.525916 177.834063 30636.015547 26862.214457 0.509892 0.509823 1442.441612 3.288690 998.767853 14.000041 3.979762 0.622448 0.209278 3.828655 18.514400 0.229532 0.007063 
MP44 86.975392 0.194671 0.223823 0.026040 1171238.141264 1268350.926855 97112.785590 120.140911 171.548832 1.523744 173.072576 30639.996118 26649.256579 0.519771 0.509904 1470.375384 3.289179 998.770111 12.999879 4.494571 0.621562 0.205333 3.684483 18.502575 0.233979 0.007064 
MP45 87.167423 0.207422 0.237958 0.023001 1172421.852915 1269534.206853 97112.353937 120.140851 151.727629 1.476146 153.203775 27063.945600 23590.943995 0.519794 0.450394 1470.439752 2.905302 998.767381 11.000137 4.472959 0.602146 0.181361 3.687894 18.518259 0.233990 0.006240 
MP46 87.710556 0.204832 0.233532 0.023021 1172359.339283 1269470.401344 97111.062062 120.135299 155.824519 1.474929 157.299449 27086.094470 23757.364041 0.509843 0.450794 1442.256265 2.907816 998.766673 12.000008 3.890886 0.601650 0.185065 3.833233 18.521881 0.229510 0.006245 
MP47 88.276434 0.207508 0.235067 0.022998 1172410.012055 1269522.895247 97112.883192 120.139498 159.835186 1.471580 161.306766 27060.586612 23888.120856 0.499905 0.450345 1414.167285 2.904973 998.767773 12.000008 4.299892 0.600283 0.188556 3.987189 18.516198 0.225036 0.006239 
MP48 88.569305 0.205983 0.232567 0.023018 1172334.734478 1269449.851824 97115.117346 120.132412 163.873814 1.467762 165.341576 27082.463435 23986.749550 0.489734 0.450749 1385.353830 2.907489 998.768984 12.000008 4.711749 0.598726 0.192644 4.154498 18.509785 0.220458 0.006245 
MP49 88.636106 0.202982 0.229006 0.022998 1172421.080451 1269539.832310 97118.751859 120.140846 167.335961 1.456405 168.792366 27060.762462 23985.606206 0.479682 0.450342 1356.966983 2.904965 998.765939 12.999879 4.064945 0.594093 0.196504 4.330467 18.525808 0.215933 0.006239 
MP50 88.626584 0.200179 0.225868 0.023003 1172429.043930 1269552.005936 97122.962006 120.141797 170.902609 1.456649 172.359258 27066.524085 23988.135805 0.469803 0.450432 1329.025350 2.905559 998.766251 12.999879 4.428670 0.594193 0.200676 4.514499 18.524196 0.211486 0.006240 
MP51 88.564406 0.203901 0.230229 0.023018 1172268.745834 1269392.728717 97123.982883 120.125699 174.525723 1.448448 175.974171 27080.741841 23983.898190 0.460102 0.450758 1301.494166 2.907468 998.768725 12.999879 4.798153 0.590847 0.205056 4.706859 18.511084 0.207119 0.006245 
MP52 88.444555 0.202213 0.228632 0.023000 1172399.767763 1269522.625329 97122.857566 120.138465 178.218001 1.445235 179.663236 27062.325311 23935.153285 0.449715 0.450380 1272.179457 2.905183 998.768187 14.000041 4.174527 0.589537 0.209616 4.926831 18.514049 0.202443 0.006240 
MP53 87.868118 0.199075 0.226561 0.023029 1172347.451085 1269474.590293 97127.139209 120.134279 181.259098 1.445961 182.705059 27094.875437 23807.757163 0.439881 0.450946 1244.340661 2.908781 998.767444 14.000041 4.484657 0.589833 0.214571 5.149520 18.517878 0.198016 0.006248 
MP54 87.815296 0.200250 0.228036 0.023017 1172336.965801 1269467.592447 97130.626646 120.132826 185.247410 1.464340 186.711750 27081.096074 23781.344698 0.429967 0.450725 1216.287214 2.907338 998.767060 14.000041 4.891383 0.597330 0.219411 5.389759 18.519879 0.193553 0.006245 
MP55 87.083631 0.193815 0.222562 0.023025 1172333.148668 1269469.063505 97135.914837 120.132650 188.302677 1.456161 189.758838 27089.997294 23590.953254 0.419676 0.450873 1187.175322 2.908296 998.767652 14.999912 4.203086 0.593994 0.224866 5.657313 18.516797 0.188920 0.006247 
MP56 87.141090 0.203536 0.233571 0.019971 1173581.659074 1270727.519935 97145.860861 120.152884 163.230794 1.399097 164.629891 23501.164058 20479.170629 0.419892 0.391042 1187.886798 2.522577 998.771251 12.000008 4.646174 0.570716 0.194925 5.656536 18.499507 0.189018 0.005418 
MP57 87.542937 0.220284 0.251629 0.019970 1173503.233545 1270651.840091 97148.606546 120.144945 160.116986 1.410243 161.527228 23497.980685 20570.822430 0.429887 0.391029 1216.122424 2.522404 998.770312 12.000008 4.328629 0.575263 0.190387 5.396565 18.504325 0.193517 0.005417 
MP58 87.807858 0.211956 0.241386 0.019976 1173572.398548 1270723.527859 97151.129311 120.152099 157.009438 1.395869 158.405307 23506.775501 20640.796087 0.439837 0.391140 1244.308583 2.523196 998.771240 12.000008 4.011724 0.569400 0.186132 5.155147 18.499565 0.197996 0.005419 
MP59 88.133690 0.215191 0.244164 0.019977 1173508.995880 1270660.689607 97151.693727 120.145750 154.108264 1.390896 155.499160 23506.513744 20717.157901 0.449727 0.391167 1272.253079 2.523303 998.770433 11.000137 4.715735 0.567371 0.182052 4.930910 18.503708 0.202448 0.005419 
MP60 88.288021 0.216748 0.245501 0.019979 1173481.516335 1270633.831426 97152.315091 120.143132 150.914922 1.384887 152.299809 23508.816107 20755.468616 0.460028 0.391218 1301.381314 2.523607 998.769516 11.000137 4.390079 0.564920 0.177998 4.712542 18.508469 0.207086 0.005420 
MP61 88.435834 0.215510 0.243691 0.019961 1173473.069185 1270629.026636 97155.957451 120.142126 147.840853 1.380610 149.221463 23487.229244 20771.126983 0.469875 0.390865 1329.230043 2.521320 998.765813 9.999975 5.076749 0.563175 0.174111 4.517129 18.527813 0.211518 0.005415 
MP62 88.457587 0.215538 0.243663 0.019969 1173522.781831 1270680.412282 97157.630451 120.147609 144.858886 1.375725 146.234611 23498.010781 20785.773239 0.479799 0.391018 1357.336076 2.522366 998.764662 9.999975 4.772650 0.561183 0.170577 4.332184 18.533882 0.215985 0.005417 
MP63 88.209885 0.218291 0.247468 0.019980 1173456.711421 1270616.505703 97159.794282 120.140942 141.585420 1.370006 142.955426 23509.638184 20737.824722 0.489686 0.391243 1385.268430 2.523748 998.766961 9.999975 4.438824 0.558850 0.167229 4.158995 18.521809 0.220436 0.005420 
MP64 87.967894 0.228495 0.259749 0.019950 1173528.454573 1270688.193942 97159.739369 120.147129 138.094954 1.361588 139.456542 23475.530535 20650.929764 0.499856 0.390645 1414.073881 2.519953 998.768319 9.999975 4.082868 0.555416 0.163576 3.991517 18.514799 0.225014 0.005412 
MP65 87.502090 0.221344 0.252958 0.019994 1173545.942226 1270708.253226 97162.311000 120.150449 134.944716 1.358619 136.303334 23527.980660 20587.474708 0.509841 0.391502 1442.341106 2.525516 998.767461 9.000104 4.761480 0.554205 0.160724 3.836658 18.519308 0.229509 0.005424 
MP66 86.990359 0.222305 0.255551 0.019983 1173487.663771 1270652.694022 97165.030251 120.144435 131.522440 1.354048 132.876488 23513.916721 20454.840620 0.519633 0.391298 1470.006795 2.524139 998.765029 9.000104 4.412478 0.552340 0.157613 3.693430 18.531947 0.233917 0.005421 
MP67 86.393499 0.243161 0.281457 0.016998 1174018.116251 1271187.223279 97169.107029 120.109172 110.874413 1.317564 112.191977 19995.095264 17274.462378 0.519823 0.332889 1470.327640 2.147042 998.761758 7.000071 4.306837 0.537457 0.134037 3.693499 18.549653 0.234003 0.004612 
MP68 86.907191 0.244112 0.280888 0.017030 1174007.781587 1271177.669603 97169.888016 120.108835 113.945825 1.313566 115.259391 20032.851042 17409.988115 0.509959 0.333518 1442.425985 2.151100 998.763187 7.000071 4.620058 0.535827 0.136888 3.837733 18.542193 0.229562 0.004621 
MP69 87.298547 0.250177 0.286576 0.017027 1173782.439445 1270951.793743 97169.354298 120.085585 116.718595 1.308660 118.027255 20025.443276 17481.921022 0.500106 0.333491 1414.419480 2.150718 998.764499 7.999943 3.902952 0.533826 0.139574 3.990446 18.535074 0.225127 0.004620 
MP70 87.742714 0.240585 0.274193 0.017006 1173935.617386 1271105.748989 97170.131603 120.100729 119.663920 1.305979 120.969900 20002.995496 17551.171060 0.489843 0.333055 1385.479682 2.148038 998.763735 7.999943 4.203314 0.532732 0.142312 4.159437 18.539247 0.220507 0.004614 
MP71 87.849374 0.236191 0.268860 0.017012 1173903.278667 1271073.846356 97170.567689 120.097357 122.359206 1.306977 123.666184 20010.005288 17578.664471 0.479920 0.333185 1357.395173 2.148846 998.765800 7.999943 4.478178 0.533139 0.145311 4.333207 18.528434 0.216040 0.004616 
MP72 87.929100 0.232019 0.263871 0.017007 1173837.318811 1271006.970276 97169.651465 120.090373 125.042373 1.308293 126.350667 20002.680366 17588.176900 0.469992 0.333092 1329.274488 2.148183 998.766658 7.999943 4.751806 0.533676 0.148339 4.518225 18.523868 0.211571 0.004615 
MP73 87.922229 0.237198 0.269781 0.016996 1173907.875536 1271078.426447 97170.550911 120.097427 127.698336 1.306394 129.004730 19991.228534 17576.733735 0.460009 0.332872 1301.079763 2.146829 998.765448 9.000104 4.022498 0.532901 0.151458 4.716459 18.530274 0.207077 0.004612 
MP74 87.627558 0.230028 0.262507 0.017010 1174032.100215 1271205.147940 97173.047725 120.110873 130.295520 1.305717 131.601237 20008.982114 17533.382507 0.449796 0.333113 1272.263645 2.148502 998.762147 9.000104 4.287358 0.532625 0.155009 4.933067 18.547651 0.202479 0.004615 
MP75 87.401073 0.234160 0.267915 0.017014 1173899.492474 1271074.691127 97175.198653 120.097325 132.942922 1.303260 134.246182 20012.300599 17490.965449 0.439892 0.333224 1244.180012 2.149099 998.763305 9.000104 4.557338 0.531623 0.158552 5.157690 18.541459 0.198021 0.004617 
MP76 87.057209 0.231526 0.265947 0.017019 1173871.183877 1271048.927625 97177.743747 120.094620 135.517087 1.304944 136.822031 20017.882964 17427.010153 0.430037 0.333328 1216.293073 2.149747 998.762945 9.999975 3.819979 0.532310 0.162236 5.396783 18.543307 0.193585 0.004618 
MP77 86.474238 0.216348 0.250188 0.017032 1173878.808028 1271060.893990 97182.085962 120.095780 138.162306 1.308549 139.470855 20032.997028 17323.381616 0.419359 0.333575 1186.098049 2.151350 998.762690 9.999975 4.089737 0.533780 0.166491 5.675095 18.544659 0.188778 0.004621 
MP78 85.921895 0.246500 0.286888 0.013975 1174649.813147 1271832.860128 97183.046981 120.097231 112.285440 1.264995 113.550436 16437.337277 14123.271725 0.419934 0.273698 1187.730453 1.765187 998.763989 7.000071 4.450733 0.516014 0.136418 5.663216 18.538805 0.189037 0.003792 
MP79 86.130925 0.264459 0.307044 0.013986 1174610.587472 1271790.711720 97180.124248 120.093477 109.960746 1.269082 111.229828 16449.419102 14168.036799 0.430061 0.273912 1216.353451 1.766540 998.763922 7.000071 4.213662 0.517681 0.133310 5.399640 18.539103 0.193595 0.003795 
MP80 86.425502 0.256419 0.296694 0.013984 1174597.954782 1271778.876250 97180.921468 120.092252 107.827426 1.265717 109.093143 16446.870686 14214.290599 0.439917 0.273874 1244.225556 1.766286 998.763004 5.999910 4.996268 0.516308 0.130305 5.160383 18.543880 0.198032 0.003794 
MP81 86.777869 0.272452 0.313965 0.013973 1174568.610119 1271749.862684 97181.252565 120.089029 105.771279 1.268074 107.039353 16434.182000 14261.232951 0.449845 0.273673 1272.286685 1.764971 998.762914 5.999910 4.786584 0.517270 0.127336 4.935139 18.544314 0.202501 0.003792 
MP82 86.890050 0.267535 0.307901 0.013977 1174704.000342 1271887.116575 97183.116233 120.103139 103.554045 1.265986 104.820032 16440.294436 14284.979988 0.460107 0.273727 1301.387803 1.765423 998.761211 5.999910 4.560472 0.516418 0.124521 4.717443 18.553360 0.207121 0.003792 
MP83 86.949457 0.269404 0.309840 0.013969 1174608.195073 1271794.365041 97186.169968 120.093441 101.365406 1.264864 102.630269 16429.298743 14285.186017 0.469950 0.273578 1329.173928 1.764389 998.758959 5.999910 4.337275 0.515960 0.121846 4.521912 18.564991 0.211552 0.003790 
MP84 86.734080 0.268426 0.309482 0.013979 1174684.827567 1271871.291420 97186.463853 120.101511 99.066988 1.263688 100.330677 16442.809444 14261.519469 0.479909 0.273775 1357.386233 1.765721 998.758915 5.999910 4.102884 0.515481 0.119404 4.336179 18.565310 0.216035 0.003793 
MP85 86.508137 0.276293 0.319384 0.013984 1174654.217981 1271838.359225 97184.141244 120.098581 96.836613 1.261814 98.098427 16448.367089 14229.175951 0.489722 0.273878 1385.125383 1.766362 998.758250 5.000039 4.875303 0.514716 0.117055 4.164135 18.568732 0.220452 0.003794 
MP86 86.216305 0.279384 0.324050 0.013984 1174637.602155 1271821.904663 97184.302508 120.097315 94.500831 1.257531 95.758363 16448.189918 14181.021611 0.499994 0.273880 1414.171856 1.766368 998.754675 5.000039 4.637101 0.512969 0.114651 3.994791 18.587327 0.225077 0.003794 
MP87 85.701895 0.279522 0.326157 0.013989 1174555.150323 1271741.444018 97186.293696 120.089004 92.102749 1.257012 93.359761 16452.905802 14100.452116 0.509944 0.273987 1442.263749 1.766997 998.754715 5.000039 4.392546 0.512758 0.112458 3.840419 18.587025 0.229556 0.003796 
MP88 85.309146 0.271727 0.318521 0.013980 1174661.200752 1271848.053191 97186.852439 120.099395 89.848362 1.257657 91.106019 16443.130484 14027.494254 0.519833 0.273789 1470.294767 1.765791 998.756550 5.000039 4.162645 0.513020 0.110239 3.695707 18.577602 0.234007 0.003793 
MP89 83.195591 0.337068 0.405151 0.011002 1175438.608703 1272625.904507 97187.295804 120.118782 68.710521 1.220157 69.930678 12942.827716 10767.862031 0.519825 0.215455 1470.391986 1.389683 998.752196 2.000135 5.006924 0.497723 0.086752 3.697680 18.601184 0.234004 0.002985 
MP90 83.674183 0.323786 0.386961 0.011005 1175525.733804 1272711.673606 97185.939802 120.126768 70.519240 1.209716 71.728956 12947.350524 10833.589820 0.509869 0.215507 1442.278935 1.390065 998.760219 3.000006 4.191505 0.493465 0.088468 3.843490 18.559522 0.229522 0.002986 
MP91 84.117648 0.329377 0.391567 0.011024 1175480.594323 1272664.254620 97183.660296 120.122831 72.454596 1.202995 73.657590 12969.020455 10909.234923 0.499994 0.215879 1414.321582 1.392441 998.757432 3.000006 4.388872 0.490723 0.090371 3.996800 18.573980 0.225076 0.002991 
MP92 84.333576 0.336536 0.399054 0.011019 1175471.484379 1272654.412203 97182.927824 120.121935 74.161849 1.204511 75.366360 12962.943024 10932.113369 0.489685 0.215781 1385.153701 1.391800 998.756398 3.000006 4.562976 0.491341 0.092231 4.166870 18.579353 0.220435 0.002990 
MP93 84.920486 0.313596 0.369282 0.010993 1175409.181764 1272593.997646 97184.815882 120.115449 76.053564 1.204509 77.258073 12931.714659 10981.674920 0.479873 0.215279 1357.363281 1.388526 998.753565 3.000006 4.755892 0.491340 0.093898 4.339023 18.594022 0.216019 0.002983 
MP94 84.946962 0.320425 0.377206 0.011009 1175362.197023 1272545.958859 97183.761837 120.110951 77.831850 1.201032 79.032882 12949.717854 11000.391939 0.469905 0.215591 1329.143047 1.390512 998.753418 3.000006 4.937241 0.489922 0.096029 4.525050 18.594729 0.211532 0.002987 
MP95 85.073394 0.316499 0.372030 0.010998 1175315.453272 1272501.215205 97185.761932 120.105212 79.549436 1.198575 80.748011 12936.773894 11005.752645 0.460159 0.215389 1301.545329 1.389179 998.759882 3.999877 4.112528 0.488920 0.097971 4.718763 18.561027 0.207144 0.002984 
MP96 84.937308 0.317076 0.373306 0.011006 1175497.172202 1272683.325267 97186.153066 120.124005 81.347093 1.195090 82.542183 12948.156089 10997.815193 0.449797 0.215528 1272.336095 1.390185 998.759090 3.999877 4.295852 0.487498 0.100293 4.938676 18.565367 0.202480 0.002986 
MP97 84.958686 0.307023 0.361379 0.010982 1175418.923595 1272605.306440 97186.382846 120.115942 83.041887 1.192126 84.234013 12919.290401 10976.059428 0.439906 0.215070 1244.315009 1.387183 998.756162 3.999877 4.468687 0.486289 0.102330 5.163283 18.580526 0.198027 0.002980 
MP98 84.642378 0.304340 0.359560 0.011007 1175358.796189 1272544.076613 97185.280424 120.110192 84.842340 1.198224 86.040563 12947.267206 10958.874857 0.430005 0.215551 1216.281508 1.390253 998.756540 3.999877 4.652296 0.488777 0.104920 5.403759 18.578484 0.193570 0.002986 
MP99 84.314752 0.290234 0.344226 0.011000 1175438.388688 1272623.176255 97184.787567 120.118369 86.539152 1.192913 87.732065 12940.371026 10910.641696 0.419844 0.215415 1187.581231 1.389420 998.755141 3.999877 4.825336 0.486610 0.107391 5.668492 18.585858 0.188996 0.002984 
