MP_Name eta e.eta f.eta Q_A p_Duese_rel p_Duese_abs p_amb H_tot M_Generator M_Lager M_mech P_hyd P_mech ku kcm n_rpm v_ME rho Masse_Aufgelegt Masse_Generator_Sensor Masse_Lager_Sensor phi psi T_Water n_ED Q_ED 
[] [%] [%] [%] [m^3/s] [Pa(r)] [Pa(a)] [Pa(a)] [m] [Nm] [Nm] [Nm] [W] [W] [-] [-] [rpm] [m/s] [kg/m^3] [kg] [kg] [kg] [-] [-] [°C] [-] [-] 
MP01 83.532643 0.161927 0.193849 0.035056 1167204.393337 1263692.854906 96488.461569 120.246749 221.498794 2.331009 223.829802 41260.820120 34466.253643 0.519566 0.686148 1470.440820 4.428001 998.187320 18.499896 4.088423 0.950860 0.276414 3.673611 21.323212 0.233887 0.009506 
MP02 83.871469 0.160073 0.190856 0.035052 1167152.248688 1263654.717660 96502.468972 120.241435 226.791929 2.330582 229.122511 41254.095590 34600.415915 0.509551 0.686083 1442.065350 4.427484 998.185256 18.499896 4.628213 0.950686 0.281820 3.819441 21.332531 0.229378 0.009505 
MP03 84.214194 0.164285 0.195079 0.035040 1167068.330693 1263580.732139 96512.401446 120.232255 232.094783 2.335213 234.429996 41236.174325 34726.712009 0.499851 0.685864 1414.561611 4.425903 998.184361 19.500058 4.168833 0.952575 0.287196 3.969128 21.336517 0.225012 0.009502 
MP04 84.405719 0.159961 0.189515 0.035050 1167215.701481 1263728.501711 96512.800230 120.247644 237.657658 2.335577 239.993235 41254.328215 34821.012500 0.489559 0.686032 1385.523123 4.427274 998.186751 19.500058 4.736132 0.952723 0.293307 4.137758 21.325851 0.220379 0.009505 
MP05 84.598621 0.158852 0.187771 0.035017 1167125.340655 1263639.018373 96513.677718 120.236200 242.986710 2.332664 245.319373 41210.770436 34863.743329 0.479541 0.685404 1357.105315 4.423010 998.189162 20.499929 4.279715 0.951535 0.299160 4.312518 21.314840 0.215869 0.009496 
MP06 84.511725 0.156798 0.185533 0.035071 1167156.996871 1263677.585182 96520.588311 120.242475 248.307354 2.332136 250.639489 41276.808133 34883.742777 0.469619 0.686449 1329.061141 4.429864 998.189612 21.500091 3.822149 0.951319 0.305946 4.496553 21.312849 0.211403 0.009510 
MP07 84.479601 0.157557 0.186503 0.035048 1167045.908601 1263585.475270 96539.566669 120.229692 253.384948 2.325480 255.710428 41246.000191 34844.456463 0.459812 0.686045 1301.237698 4.427023 998.190867 21.500091 4.339959 0.948605 0.312287 4.690449 21.307085 0.206988 0.009505 
MP08 84.318009 0.155723 0.184685 0.035032 1167035.158678 1263578.390516 96543.231837 120.227784 258.585417 2.321986 260.907403 41226.060506 34760.993555 0.449577 0.685730 1272.263773 4.424957 998.189845 22.499962 3.870429 0.947179 0.319250 4.906478 21.311714 0.202381 0.009500 
MP09 84.130933 0.153772 0.182777 0.035047 1166896.997055 1263445.781136 96548.784081 120.214639 263.884507 2.316904 266.201411 41238.440442 34694.284745 0.439815 0.686049 1244.568968 4.426776 998.188593 22.499962 4.410827 0.945106 0.326488 5.126670 21.317252 0.197986 0.009505 
MP10 83.820181 0.156832 0.187105 0.035066 1167006.307764 1263560.262791 96553.955027 120.226887 269.232979 2.318097 271.551076 41265.140462 34588.515564 0.429814 0.686389 1216.331008 4.429190 998.188678 23.500123 3.956100 0.945593 0.334250 5.367974 21.316991 0.193484 0.009510 
MP11 83.500435 0.162980 0.195184 0.035064 1166895.310422 1263457.266037 96561.955615 120.215737 274.496582 2.310713 276.807296 41259.711605 34452.038542 0.420008 0.686395 1188.526239 4.429028 998.186473 23.500123 4.492879 0.942581 0.342057 5.621549 21.326879 0.189070 0.009510 
MP12 84.233488 0.161093 0.191245 0.032025 1168673.013636 1265248.183152 96575.169516 120.231448 252.964962 2.250605 255.215566 37687.701660 31745.665545 0.419729 0.626849 1187.814599 4.045062 998.186466 21.500091 4.297129 0.918061 0.312590 5.636862 21.328768 0.188945 0.008685 
MP13 84.489437 0.162988 0.192910 0.032052 1168678.521621 1265256.950691 96578.429070 120.233285 247.937639 2.252318 250.189957 37720.170555 31869.559782 0.429828 0.627373 1216.403258 4.048480 998.187601 21.500091 3.784446 0.918760 0.305502 5.375033 21.323641 0.193491 0.008692 
MP14 84.892764 0.165656 0.195135 0.032029 1168694.861772 1265275.666851 96580.805079 120.234143 243.275071 2.239802 245.514873 37693.836748 31999.339902 0.439795 0.626931 1244.613752 4.045637 998.184579 20.499929 4.309122 0.913655 0.298367 5.134220 21.337342 0.197977 0.008686 
MP15 85.102423 0.163524 0.192149 0.032017 1168765.451509 1265349.603067 96584.151558 120.240819 238.452824 2.234980 240.687803 37681.318396 32067.715109 0.449561 0.626671 1272.287662 4.044073 998.183665 20.499929 3.817352 0.911688 0.291765 4.913598 21.341558 0.202374 0.008682 
MP16 85.196485 0.163527 0.191941 0.032029 1168660.513654 1265244.557790 96584.044136 120.230547 233.527781 2.220537 235.748318 37693.185712 32113.269473 0.459652 0.626947 1300.790339 4.045684 998.185469 19.500058 4.314970 0.905796 0.285485 4.700195 21.333288 0.206916 0.008686 
MP17 85.276713 0.163261 0.191448 0.032044 1168639.012473 1265225.381325 96586.368853 120.229408 228.787217 2.211462 230.998679 37709.498789 32157.421035 0.469751 0.627229 1329.361503 4.047484 998.182839 19.500058 3.831530 0.902095 0.279474 4.500258 21.345169 0.211462 0.008690 
MP18 85.256450 0.166307 0.195066 0.032035 1168680.032504 1265266.573147 96586.540643 120.233106 223.917481 2.197240 226.114721 37700.371170 32141.998223 0.479659 0.627048 1357.423667 4.046379 998.183143 18.499896 4.335079 0.896293 0.273622 4.316263 21.343835 0.215923 0.008687 
MP19 85.079450 0.166138 0.195275 0.032044 1168636.487933 1265223.822871 96587.334938 120.229150 218.956917 2.185307 221.142224 37709.400020 32082.950037 0.489552 0.627230 1385.396238 4.047483 998.182833 18.499896 3.829204 0.891425 0.268170 4.143570 21.345198 0.220376 0.008690 
MP20 84.874905 0.168166 0.198134 0.032050 1168506.249015 1265088.663575 96582.414560 120.216123 213.906953 2.165522 216.072475 37712.377364 32008.344329 0.499900 0.627381 1414.604860 4.048240 998.183115 17.500025 4.314082 0.883355 0.262682 3.973781 21.343776 0.225034 0.008692 
MP21 84.695949 0.168137 0.198518 0.032052 1168600.779465 1265182.814561 96582.035097 120.225835 209.361093 2.128347 211.489441 37717.756075 31945.411537 0.509708 0.627394 1442.418156 4.048488 998.183519 17.500025 3.850498 0.868191 0.257633 3.822318 21.342046 0.229449 0.008692 
MP22 84.293140 0.164883 0.195607 0.032039 1168556.959903 1265137.197463 96580.237559 120.220905 204.301993 2.095949 206.397943 37701.662880 31779.915652 0.519587 0.627166 1470.343337 4.046933 998.181941 16.499864 4.334735 0.854975 0.252643 3.678375 21.349134 0.233896 0.008689 
MP23 85.128364 0.178022 0.209122 0.029046 1169771.922851 1266347.878767 96575.955917 120.196329 186.924297 2.010407 188.934704 34172.786744 29090.734178 0.519635 0.568638 1470.328333 3.668891 998.181695 14.500121 4.562310 0.820081 0.229044 3.682276 21.351487 0.233918 0.007878 
MP24 85.445828 0.178181 0.208531 0.029062 1169765.725598 1266341.864994 96576.139396 120.196220 191.433807 2.000201 193.434009 34190.752631 29214.571742 0.509709 0.568937 1442.241786 3.670817 998.183333 15.499993 4.022316 0.815918 0.233627 3.827065 21.344074 0.229450 0.007882 
MP25 85.656035 0.174813 0.204087 0.029087 1169742.007861 1266315.477457 96573.469596 120.194757 195.917747 1.998507 197.916254 34220.641934 29312.044886 0.499831 0.569443 1414.282077 3.674063 998.185473 15.499993 4.479585 0.815226 0.238457 3.979790 21.334359 0.225003 0.007889 
MP26 85.857468 0.175083 0.203923 0.029056 1169687.473170 1266260.050876 96572.577706 120.187929 200.300276 1.996613 202.296889 34181.935088 29347.744100 0.489617 0.568849 1385.341680 3.670123 998.183641 15.499993 4.926513 0.814454 0.243177 4.147620 21.342590 0.220405 0.007881 
MP27 85.991861 0.174313 0.202709 0.029061 1169775.930159 1266349.699565 96573.769405 120.197504 204.769508 1.995320 206.764827 34189.935727 29400.562102 0.479880 0.568915 1357.845485 3.670699 998.180954 16.499864 4.382412 0.813926 0.248140 4.317636 21.354838 0.216022 0.007882 
MP28 85.962677 0.169301 0.196947 0.029080 1169702.816699 1266286.638456 96583.821757 120.191049 209.290070 1.993728 211.283797 34211.291534 29408.942039 0.469762 0.569317 1329.182423 3.673192 998.180271 17.500025 3.843255 0.813277 0.253664 4.505580 21.357873 0.211467 0.007888 
MP29 85.949416 0.170278 0.198114 0.029067 1169651.247547 1266247.192687 96595.945141 120.185251 213.733200 1.986224 215.719423 34193.961720 29389.510495 0.459810 0.569070 1300.991574 3.671511 998.179436 17.500025 4.296363 0.810216 0.259042 4.702753 21.361620 0.206987 0.007884 
MP30 85.775701 0.169240 0.197305 0.029062 1169688.367267 1266294.431899 96606.064632 120.188794 218.073742 1.984097 220.057839 34189.519896 29326.300396 0.449769 0.568971 1272.599703 3.670925 998.179688 17.500025 4.739009 0.809348 0.264779 4.915087 21.360536 0.202467 0.007883 
MP31 85.540244 0.165539 0.193521 0.029040 1169507.558601 1266116.338348 96608.779747 120.169276 222.248634 1.982372 224.231006 34158.006009 29218.841639 0.439817 0.568585 1244.338997 3.668137 998.179703 18.499896 4.164891 0.808645 0.270586 5.140084 21.360289 0.197987 0.007877 
MP32 85.284355 0.172202 0.201915 0.029053 1169551.656679 1266163.754162 96612.097483 120.174605 226.806830 1.982545 228.789376 34174.563308 29145.555877 0.429963 0.568824 1216.488119 3.669759 998.177896 18.499896 4.629733 0.808715 0.276904 5.378350 21.368508 0.193551 0.007881 
MP33 84.811895 0.162322 0.191390 0.029060 1169590.294352 1266205.278427 96614.984075 120.178981 231.201706 1.976476 233.178182 34183.517590 28991.689115 0.419636 0.568942 1187.290487 3.670591 998.176916 19.500058 4.077758 0.806240 0.283778 5.646322 21.372984 0.188902 0.007882 
MP34 85.372234 0.171630 0.201037 0.026089 1170828.537198 1267440.433002 96611.895804 120.172160 208.570292 1.919493 210.489785 30686.602489 26197.838231 0.420081 0.510784 1188.518139 3.295282 998.177100 16.499864 4.770014 0.782995 0.254499 5.640628 21.373416 0.189103 0.007077 
MP35 85.785583 0.175324 0.204375 0.026058 1170761.410409 1267368.886047 96607.475638 120.164094 204.436072 1.927841 206.363912 30648.358539 26291.873145 0.430033 0.510199 1216.631783 3.291399 998.176295 16.499864 4.348408 0.786400 0.248325 5.382651 21.376977 0.193583 0.007069 
MP36 86.014538 0.177289 0.206115 0.026064 1170881.674573 1267485.930693 96604.256120 120.176769 200.456384 1.921111 202.377496 30659.009099 26371.205010 0.439803 0.510296 1244.340222 3.292198 998.175299 16.499864 3.942562 0.783655 0.242854 5.146136 21.381591 0.197981 0.007070 
MP37 86.185073 0.176266 0.204520 0.026063 1170827.182228 1267429.039184 96601.856956 120.170909 196.410022 1.916662 198.326683 30656.454859 26421.288125 0.449650 0.510290 1272.167276 3.292078 998.177400 15.499993 4.529787 0.781840 0.237534 4.923228 21.372041 0.202413 0.007070 
MP38 86.466463 0.185194 0.214181 0.026063 1170969.221804 1267566.980698 96597.758894 120.185234 192.643040 1.904909 194.547949 30660.223206 26510.810667 0.459909 0.510261 1301.270947 3.292085 998.178978 15.499993 4.145633 0.777046 0.232221 4.706033 21.365048 0.207032 0.007069 
MP39 86.445643 0.178654 0.206666 0.026076 1170845.055028 1267440.181391 96595.126363 120.174083 188.588279 1.904405 190.492684 30672.444691 26514.991889 0.469795 0.510539 1329.182392 3.293730 998.170782 14.500121 4.732002 0.776840 0.227459 4.510023 21.401926 0.211482 0.007073 
MP40 86.367989 0.180588 0.209091 0.026085 1170878.467242 1267468.642863 96590.175621 120.177984 184.553575 1.901455 186.455029 30683.930828 26501.094080 0.479709 0.510706 1357.253853 3.294859 998.169879 14.500121 4.320546 0.775637 0.222831 4.325522 21.406026 0.215945 0.007076 
MP41 86.360929 0.183601 0.212598 0.026041 1170820.799260 1267406.572386 96585.773126 120.169685 180.454708 1.895960 182.350668 30629.510695 26451.930042 0.489614 0.509851 1385.228403 3.289228 998.174196 13.499960 4.902707 0.773396 0.217957 4.152357 21.386474 0.220404 0.007064 
MP42 86.327849 0.188956 0.218882 0.026072 1170907.753959 1267502.229383 96594.475424 120.179625 176.906872 1.884763 178.791635 30668.509594 26475.464736 0.499784 0.510436 1414.059804 3.293137 998.176325 13.499960 4.540900 0.768828 0.213767 3.985045 21.376964 0.224982 0.007072 
MP43 86.106739 0.185618 0.215567 0.026051 1170836.283671 1267435.977075 96599.693404 120.172159 172.790939 1.877318 174.668258 30642.543733 26385.295139 0.509855 0.510054 1442.511721 3.290572 998.170513 13.499960 4.121160 0.765791 0.209388 3.829183 21.403141 0.229516 0.007066 
MP44 85.627806 0.186595 0.217914 0.026049 1170754.546638 1267349.061105 96594.514466 120.163127 168.510057 1.872114 170.382171 30638.127494 26234.756407 0.519719 0.510035 1470.362003 3.290329 998.175515 12.500089 4.684469 0.763668 0.205406 3.685223 21.380467 0.233956 0.007066 
MP45 85.973542 0.193686 0.225285 0.023037 1172643.785559 1269229.662540 96585.876981 120.236734 149.572289 1.815440 151.387728 27111.872167 23309.036900 0.519536 0.450922 1470.296894 2.909872 998.168252 10.500056 4.753239 0.740550 0.181664 3.691523 21.415160 0.233874 0.006247 
MP46 86.541870 0.194705 0.224984 0.023017 1172637.554959 1269229.536750 96591.981791 120.234615 153.380379 1.802772 155.183151 27087.502253 23442.031059 0.509726 0.450526 1442.520700 2.907290 998.174222 11.499927 4.141715 0.735383 0.184997 3.835012 21.388229 0.229457 0.006242 
MP47 86.833382 0.199388 0.229621 0.023004 1172636.663375 1269225.356769 96588.693394 120.234395 156.946223 1.798654 158.744877 27072.840769 23508.263373 0.499698 0.450285 1414.139365 2.905730 998.171447 11.499927 4.505358 0.733703 0.188609 3.990500 21.400746 0.224943 0.006238 
MP48 86.836316 0.194433 0.223908 0.023025 1172618.999520 1269204.817642 96585.818122 120.233740 160.386051 1.796094 162.182145 27096.688264 23529.765860 0.489556 0.450687 1385.434341 2.908314 998.168253 11.499927 4.856150 0.732658 0.192688 4.157523 21.415134 0.220378 0.006244 
MP49 86.911528 0.198142 0.227981 0.023019 1172634.668324 1269219.505378 96584.837053 120.234972 163.828199 1.788489 165.616688 27090.198914 23544.505806 0.479701 0.450571 1357.553222 2.907584 998.169521 12.500089 4.207016 0.729556 0.196596 4.330101 21.409427 0.215942 0.006242 
MP50 86.973339 0.189119 0.217445 0.023019 1172566.402170 1269161.084541 96594.682371 120.228178 167.441705 1.789439 169.231145 27087.966064 23559.308506 0.469764 0.450573 1329.393740 2.907514 998.167846 12.500089 4.575519 0.729944 0.200755 4.515231 21.416931 0.211468 0.006242 
MP51 86.791986 0.192898 0.222253 0.023015 1172644.017070 1269231.991022 96587.973952 120.235916 170.739896 1.784044 172.523941 27085.457707 23508.006730 0.459780 0.450488 1301.181317 2.907056 998.168310 12.500089 4.911867 0.727743 0.205076 4.713463 21.414907 0.206974 0.006241 
MP52 86.516498 0.189994 0.219604 0.023029 1172522.764875 1269107.471430 96584.706556 120.223820 174.177608 1.777409 175.955017 27099.278301 23445.346703 0.449636 0.450785 1272.407990 2.908826 998.170249 13.499960 4.262572 0.725037 0.209841 4.928528 21.406030 0.202407 0.006245 
MP53 86.315841 0.188105 0.217926 0.023052 1172493.347834 1269078.759310 96585.411477 120.221751 177.901624 1.773298 179.674922 27125.483575 23413.589397 0.439734 0.451232 1244.376827 2.911692 998.169535 13.499960 4.642345 0.723360 0.214779 5.152946 21.409222 0.197950 0.006252 
MP54 85.975990 0.183817 0.213800 0.023027 1172457.404196 1269040.498518 96583.094322 120.217392 181.092378 1.775090 182.867467 27095.396339 23295.535233 0.429886 0.450757 1216.487429 2.908573 998.167547 13.499960 4.967736 0.724090 0.219468 5.391775 21.418146 0.193517 0.006245 
MP55 85.634946 0.184896 0.215911 0.023023 1172534.775889 1269115.478884 96580.702995 120.224398 184.662765 1.764741 186.427506 27092.615206 23200.746374 0.419949 0.450669 1188.401930 2.908087 998.173830 14.500121 4.331681 0.719869 0.224617 5.649971 21.389872 0.189044 0.006244 
MP56 85.708746 0.193308 0.225541 0.020024 1173901.762397 1270489.060506 96587.298109 120.258231 160.657860 1.706364 162.364223 23569.843029 20201.416805 0.419793 0.391902 1188.127019 2.529229 998.180403 11.499927 4.883868 0.696056 0.195400 5.659139 21.361596 0.188973 0.005430 
MP57 86.088890 0.197354 0.229245 0.020013 1173821.473635 1270416.220104 96594.746469 120.249962 157.498116 1.717902 159.216018 23555.731113 20278.867417 0.429750 0.391708 1216.265311 2.527894 998.178085 11.499927 4.561640 0.700763 0.190779 5.399962 21.372004 0.193455 0.005427 
MP58 86.437180 0.196541 0.227380 0.020013 1173858.385930 1270462.958208 96604.572278 120.253915 154.533861 1.724371 156.258231 23555.812330 20360.979934 0.439650 0.391691 1244.305881 2.527824 998.176425 11.499927 4.259347 0.703401 0.186474 5.159498 21.379562 0.197912 0.005427 
MP59 86.669677 0.204877 0.236388 0.020023 1173739.202355 1270351.176294 96611.973938 120.242342 151.569061 1.719411 153.288472 23565.736681 20424.347850 0.449584 0.391914 1272.360227 2.529138 998.174220 10.500056 4.956869 0.701378 0.182457 4.933992 21.389410 0.202384 0.005430 
MP60 86.841305 0.207266 0.238672 0.020039 1173744.420189 1270358.888756 96614.468568 120.243036 148.597881 1.713094 150.310975 23584.249433 20480.869896 0.459757 0.392217 1301.155164 2.531103 998.177104 10.500056 4.653870 0.698801 0.178558 4.718035 21.376397 0.206964 0.005434 
MP61 87.087702 0.203679 0.233878 0.020003 1173864.550895 1270476.643709 96612.092815 120.254114 145.573969 1.715336 147.289304 23544.880824 20504.695578 0.469714 0.391508 1329.393334 2.526644 998.177479 9.499895 5.345654 0.699716 0.174458 4.520189 21.374820 0.211445 0.005424 
MP62 87.141257 0.210872 0.241989 0.020002 1173797.270122 1270406.883902 96609.613780 120.247544 142.604135 1.724596 144.328730 23542.321939 20515.075154 0.479604 0.391499 1357.349551 2.526514 998.174669 9.499895 5.042792 0.703493 0.170856 4.335673 21.387439 0.215898 0.005424 
MP63 87.042146 0.212228 0.243822 0.020020 1173791.451722 1270396.704933 96605.253211 120.247681 139.663913 1.721924 141.385837 23562.725354 20509.501772 0.489454 0.391838 1385.225840 2.528705 998.173284 9.499895 4.742950 0.702403 0.167562 4.162912 21.393676 0.220332 0.005429 
MP64 86.991484 0.219950 0.252841 0.020004 1173716.735968 1270324.632481 96607.896513 120.239686 136.589050 1.713845 138.302895 23543.208152 20480.586080 0.499676 0.391553 1414.107717 2.526781 998.172165 9.499895 4.429377 0.699108 0.164015 3.994351 21.398654 0.224933 0.005425 
MP65 86.816268 0.215324 0.248022 0.019998 1173824.388217 1270439.582477 96615.194260 120.250254 133.584719 1.712455 135.297173 23537.408919 20434.299958 0.509600 0.391404 1442.256227 2.525932 998.173925 8.500023 5.122869 0.698540 0.160760 3.840302 21.390835 0.229400 0.005423 
MP66 86.177771 0.213077 0.247252 0.020037 1173719.280307 1270342.605666 96623.325359 120.240932 130.287471 1.712638 132.000109 23581.917089 20322.370414 0.519487 0.392190 1470.183198 2.530907 998.172819 8.500023 4.786618 0.698615 0.158017 3.695464 21.395739 0.233851 0.005434 
MP67 86.005223 0.234230 0.272344 0.017014 1174128.150486 1270751.073218 96622.922731 120.191843 110.145787 1.662221 111.808007 20015.746000 17214.587008 0.519622 0.333086 1470.263187 2.149053 998.170653 6.499991 4.732612 0.678049 0.134169 3.696357 21.405930 0.233912 0.004615 
MP68 86.395961 0.241193 0.279172 0.017019 1174098.361050 1270708.015109 96609.654059 120.188870 112.861892 1.654327 114.516219 20021.262602 17297.562176 0.509785 0.333190 1442.411855 2.149698 998.171241 6.499991 5.009599 0.674829 0.136800 3.840380 21.403219 0.229484 0.004616 
MP69 86.686161 0.247107 0.285059 0.017000 1174210.071379 1270811.527965 96601.456585 120.199831 115.392994 1.651330 117.044324 20000.522522 17337.685134 0.499908 0.332799 1414.529913 2.147276 998.170583 7.499862 4.267849 0.673607 0.139340 3.993651 21.406284 0.225038 0.004611 
MP70 86.880680 0.240253 0.276532 0.016999 1174176.299204 1270775.971896 96599.672692 120.196869 118.129654 1.647383 119.777037 19999.424467 17375.635915 0.489578 0.332795 1385.283061 2.147220 998.166423 7.499862 4.546932 0.671997 0.142278 4.163961 21.425003 0.220387 0.004611 
MP71 86.716985 0.226945 0.261708 0.017039 1174158.842221 1270762.146744 96603.304523 120.196315 120.643561 1.639136 122.282696 20045.538177 17382.886431 0.479747 0.333565 1357.463835 2.152184 998.165240 7.499862 4.803298 0.668632 0.145529 4.336319 21.430327 0.215962 0.004621 
MP72 86.752233 0.232327 0.267805 0.017034 1174269.134506 1270879.749882 96610.615376 120.207161 123.281555 1.629043 124.910598 20042.118675 17386.985413 0.469744 0.333462 1329.218521 2.151617 998.167723 7.499862 5.072320 0.664516 0.148583 4.522981 21.419260 0.211459 0.004620 
MP73 86.616828 0.226472 0.261464 0.017010 1174205.970248 1270817.319177 96611.348929 120.200369 125.571303 1.623125 127.194429 20012.209403 17333.941043 0.459915 0.332994 1301.369454 2.148534 998.164913 8.500023 4.305666 0.662102 0.151545 4.718393 21.431864 0.207034 0.004613 
MP74 86.449767 0.233320 0.269891 0.017009 1174091.707452 1270699.829319 96608.121867 120.189401 128.225416 1.612670 129.838086 20009.501103 17298.167020 0.449641 0.332996 1272.240927 2.148452 998.158890 8.500023 4.576331 0.657837 0.155008 4.936475 21.458864 0.202410 0.004613 
MP75 86.204580 0.227266 0.263635 0.017013 1174117.725583 1270723.776234 96606.050651 120.191584 130.797895 1.605355 132.403250 20014.669869 17253.562183 0.439789 0.333071 1244.375668 2.148957 998.163770 8.500023 4.838671 0.654853 0.158517 5.160125 21.436914 0.197974 0.004615 
MP76 85.731139 0.218707 0.255108 0.017018 1174192.636479 1270799.098256 96606.461778 120.198970 133.170910 1.598814 134.769724 20022.234988 17165.290135 0.429843 0.333165 1216.270553 2.149630 998.167223 9.499895 4.080797 0.652184 0.162231 5.401682 21.421431 0.193497 0.004616 
MP77 85.430889 0.214143 0.250662 0.017009 1174161.627110 1270763.230700 96601.603590 120.196009 135.950121 1.590225 137.540346 20010.436890 17095.094049 0.419467 0.332983 1186.896265 2.148425 998.163298 9.499895 4.364220 0.648681 0.166152 5.672234 21.439077 0.188826 0.004613 
MP78 84.818409 0.233834 0.275687 0.013997 1174889.208779 1271483.848310 96594.639531 120.194710 110.858984 1.540202 112.399185 16466.474417 13966.601654 0.419359 0.274015 1186.585306 1.767951 998.160427 6.499991 4.805344 0.628275 0.136764 5.678740 21.452733 0.188778 0.003796 
MP79 85.229817 0.242883 0.284974 0.013988 1175061.963956 1271656.602892 96594.638936 120.212014 108.575934 1.547699 110.123633 16458.159207 14027.258976 0.429852 0.273817 1216.364306 1.766802 998.161584 6.499991 4.572520 0.631334 0.133329 5.404879 21.447701 0.193502 0.003794 
MP80 85.640694 0.249207 0.290991 0.013979 1174775.667651 1271373.419067 96597.751417 120.182485 106.522908 1.551308 108.074216 16443.785207 14082.571715 0.439785 0.273678 1244.317645 1.765691 998.162242 5.500119 5.363025 0.632806 0.130251 5.163506 21.444453 0.197973 0.003792 
MP81 85.915963 0.254373 0.296072 0.013975 1174882.247920 1271481.808782 96599.560862 120.193437 104.460188 1.556866 106.017053 16440.530829 14125.040452 0.449650 0.273587 1272.287771 1.765183 998.160959 5.500119 5.152670 0.635073 0.127351 4.939425 21.450340 0.202414 0.003790 
MP82 85.992689 0.271394 0.315602 0.013977 1174885.838409 1271487.400374 96601.561964 120.193294 102.212567 1.558609 103.771175 16443.641398 14140.329376 0.459879 0.273638 1301.230317 1.765511 998.165688 5.500119 4.923459 0.635784 0.124542 4.722131 21.429048 0.207018 0.003791 
MP83 85.954544 0.252721 0.294017 0.013991 1174947.699007 1271548.734118 96601.035110 120.200206 100.076165 1.566558 101.642723 16460.141322 14148.239428 0.469758 0.273890 1329.221909 1.767185 998.163270 5.500119 4.705590 0.639027 0.122035 4.525591 21.440005 0.211466 0.003795 
MP84 85.920015 0.257970 0.300245 0.013999 1174920.983443 1271522.796347 96601.812904 120.198145 97.974945 1.578964 99.553909 16469.976052 14151.005973 0.479713 0.274062 1357.376661 1.768278 998.159351 5.500119 4.491309 0.644087 0.119577 4.339717 21.457622 0.215947 0.003797 
MP85 86.050152 0.275924 0.320655 0.013978 1174817.371570 1271419.210105 96601.838536 120.186977 95.951461 1.588595 97.540055 16443.484350 14149.643310 0.489593 0.273659 1385.268236 1.765596 998.160177 4.499958 5.285116 0.648016 0.116992 4.166350 21.453801 0.220394 0.003791 
MP86 85.853228 0.275219 0.320569 0.013981 1174777.320826 1271379.517240 96602.196415 120.182767 93.745060 1.593559 95.338620 16446.151456 14119.551891 0.499841 0.273717 1414.241042 1.765942 998.161674 4.499958 5.060109 0.650041 0.114618 3.997249 21.447020 0.225008 0.003792 
MP87 85.399559 0.273111 0.319803 0.013984 1174766.235083 1271365.714267 96599.479184 120.182239 91.425337 1.595617 93.020954 16449.908568 14048.149452 0.509705 0.273783 1442.147601 1.766361 998.157276 4.499958 4.823545 0.650880 0.112427 3.844027 21.466796 0.229448 0.003793 
MP88 85.076830 0.275714 0.324076 0.013980 1174921.909049 1271524.580221 96602.671172 120.197569 89.261094 1.607023 90.868118 16446.776205 13992.395763 0.519677 0.273677 1470.455653 1.765792 998.161202 4.499958 4.602837 0.655533 0.110227 3.697923 21.449293 0.233937 0.003792 
MP89 83.185972 0.323789 0.389235 0.010993 1175653.839305 1272262.001723 96608.162418 120.211561 68.308453 1.577011 69.885465 12934.823967 10759.959073 0.519579 0.215200 1470.263389 1.388572 998.162158 1.500054 5.466002 0.643291 0.086691 3.701191 21.445746 0.233893 0.002981 
MP90 83.427544 0.328811 0.394127 0.011013 1175662.471116 1272264.509271 96602.038155 120.212908 70.022196 1.573396 71.595592 12958.784311 10811.195476 0.509581 0.215595 1441.978603 1.391130 998.161312 2.499925 4.640898 0.641816 0.088554 3.847846 21.449555 0.229392 0.002987 
MP91 83.899312 0.331910 0.395606 0.011004 1175476.646081 1272074.461452 96597.815370 120.193898 71.752304 1.571191 73.323495 12945.092794 10860.843814 0.499897 0.215419 1414.463659 1.389882 998.160045 2.499925 4.817333 0.640916 0.090196 3.998376 21.455061 0.225033 0.002984 
MP92 84.274258 0.332145 0.394123 0.010996 1175650.487751 1272244.461670 96593.973919 120.211669 73.588619 1.563953 75.152572 12938.618805 10903.924992 0.489628 0.215263 1385.512306 1.388983 998.158899 2.499925 5.004600 0.637964 0.092021 4.167841 21.460385 0.220410 0.002982 
MP93 84.524868 0.316969 0.375001 0.010994 1175562.042302 1272156.898085 96594.855784 120.202668 75.368585 1.551404 76.919989 12934.529571 10932.894048 0.479667 0.215220 1357.273298 1.388649 998.158219 2.499925 5.186120 0.632845 0.093913 4.342751 21.463360 0.215926 0.002982 
MP94 84.455255 0.310885 0.368106 0.011013 1175651.202405 1272247.840697 96596.638292 120.211526 77.080394 1.550179 78.630573 12958.169178 10943.854869 0.469685 0.215588 1329.077385 1.391077 998.163160 2.499925 5.360689 0.632345 0.096073 4.529286 21.441209 0.211433 0.002987 
MP95 84.499730 0.317592 0.375849 0.011001 1175562.577939 1272163.940288 96601.362348 120.202405 78.701401 1.530788 80.232189 12942.701855 10936.548170 0.460019 0.215356 1301.676335 1.389524 998.161889 3.500087 4.525836 0.624436 0.097986 4.721632 21.446854 0.207081 0.002984 
MP96 84.482983 0.316836 0.375029 0.010985 1175664.385383 1272264.629942 96600.244559 120.212571 80.445646 1.513695 81.959341 12925.744896 10920.054923 0.449627 0.215046 1272.324074 1.387587 998.161567 3.500087 4.703713 0.617463 0.100106 4.942428 21.448406 0.202403 0.002979 
MP97 84.237133 0.306395 0.363730 0.011006 1175652.259911 1272250.385654 96598.125743 120.211829 82.218465 1.496525 83.714990 12949.783811 10908.526666 0.439734 0.215448 1244.326212 1.390177 998.160483 3.500087 4.884504 0.610459 0.102550 5.167296 21.453268 0.197950 0.002985 
MP98 84.103687 0.285968 0.340018 0.010993 1175651.792562 1272250.639052 96598.846491 120.211580 83.926549 1.485597 85.412146 12934.099559 10878.054669 0.429793 0.215188 1216.194356 1.388497 998.160173 3.500087 5.058694 0.606001 0.104795 5.409111 21.454664 0.193475 0.002981 
MP99 83.867875 0.294466 0.351107 0.010988 1175620.123782 1272222.069435 96601.945653 120.208325 85.754170 1.466745 87.220915 12928.700000 10843.025933 0.419531 0.215107 1187.138096 1.387955 998.159701 3.500087 5.245074 0.598311 0.107318 5.676986 21.456763 0.188855 0.002980 
