MP_Name eta e.eta f.eta Q_A p_Duese_rel p_Duese_abs p_amb H_tot M_Generator M_Lager M_mech P_hyd P_mech ku kcm n_rpm v_ME rho Masse_Aufgelegt Masse_Generator_Sensor Masse_Lager_Sensor phi psi T_Water n_ED Q_ED 
[] [%] [%] [%] [m^3/s] [Pa(r)] [Pa(a)] [Pa(a)] [m] [Nm] [Nm] [Nm] [W] [W] [-] [-] [rpm] [m/s] [kg/m^3] [kg] [kg] [kg] [-] [-] [°C] [-] [-] 
MP01 83.603189 0.162387 0.194236 0.035019 1167045.861653 1263020.418883 95974.557230 120.246483 221.490657 2.268343 223.759000 41211.179958 34453.860588 0.519544 0.685428 1470.377204 4.423352 998.036413 18.499896 4.087593 0.925297 0.276135 3.673985 21.995040 0.233877 0.009496 
MP02 84.101344 0.163472 0.194375 0.035011 1167034.891741 1263011.407185 95976.515444 120.244856 227.114183 2.272861 229.387044 41200.831168 34650.452563 0.509692 0.685270 1442.485339 4.422300 998.036674 18.499896 4.661077 0.927140 0.281408 3.817402 21.993882 0.229442 0.009494 
MP03 84.332047 0.169479 0.200966 0.034985 1166887.408333 1262860.221369 95972.813037 120.228603 232.072477 2.278563 234.351040 41164.937669 34715.234707 0.499862 0.684813 1414.570516 4.419055 998.034333 19.500058 4.166559 0.929466 0.286750 3.969060 22.004015 0.225017 0.009488 
MP04 84.533302 0.161911 0.191535 0.035025 1166943.138405 1262917.683079 95974.544674 120.236506 237.881128 2.283862 240.164990 41214.861058 34840.282846 0.489502 0.685576 1385.298472 4.424121 998.034970 19.500058 4.758922 0.931628 0.293145 4.138763 22.001272 0.220353 0.009498 
MP05 84.686084 0.158236 0.186850 0.035000 1166816.036805 1262794.781683 95978.744878 120.222395 243.043416 2.288778 245.332194 41179.614237 34873.402653 0.479676 0.685112 1357.410371 4.420869 998.032095 20.499929 4.285498 0.933633 0.298948 4.310116 22.013779 0.215930 0.009492 
MP06 84.763745 0.158234 0.186676 0.034996 1166856.609342 1262833.397090 95976.787749 120.226452 248.373026 2.295756 250.668782 41176.974594 34903.145811 0.469857 0.685034 1329.644992 4.420440 998.031221 21.500091 3.828846 0.936480 0.305161 4.492161 22.017654 0.211510 0.009491 
MP07 84.641562 0.155611 0.183847 0.034997 1166688.060852 1262662.036314 95973.975462 120.209403 253.292234 2.473506 255.765740 41171.791301 34848.447329 0.459804 0.685094 1301.105296 4.420516 998.030061 21.500091 4.330504 1.008987 0.311860 4.690721 22.022573 0.206985 0.009492 
MP08 84.445018 0.157704 0.186753 0.035014 1166751.346450 1262729.881132 95978.534682 120.216898 258.566834 2.492665 261.059498 41194.312568 34786.544592 0.449666 0.685405 1272.457174 4.422660 998.029547 22.499962 3.868534 1.016802 0.319036 4.904581 22.024899 0.202421 0.009496 
MP09 84.309716 0.157750 0.187108 0.034978 1166627.956755 1262613.134551 95985.177797 120.202299 263.717451 2.495927 266.213378 41147.228224 34691.111239 0.439777 0.684747 1244.399182 4.418143 998.029167 22.499962 4.393791 1.018133 0.325896 5.127706 22.026456 0.197969 0.009487 
MP10 83.894205 0.156683 0.186762 0.035040 1166528.028046 1262514.633777 95986.605731 120.195643 268.999136 2.501720 271.500856 41217.252076 34578.886058 0.429830 0.685969 1216.217303 4.425909 998.028723 23.500123 3.932253 1.020496 0.334034 5.367637 22.028310 0.193491 0.009504 
MP11 83.667662 0.154585 0.184761 0.035024 1166619.266824 1262606.751804 95987.484980 120.204177 274.618723 2.507345 277.126067 41201.745620 34472.537374 0.419795 0.685639 1187.865459 4.423934 998.027864 23.500123 4.505335 1.022790 0.341854 5.627368 22.032167 0.188974 0.009499 
MP12 84.310102 0.159325 0.188975 0.032027 1168417.926413 1264408.618976 95990.692563 120.224497 253.047257 2.435240 255.482497 37682.474897 31770.133104 0.419626 0.626916 1187.488094 4.045377 998.027780 21.500091 4.305522 0.993377 0.312701 5.639627 22.034331 0.188898 0.008686 
MP13 84.653229 0.169315 0.200010 0.032028 1168328.811016 1264320.546749 95991.735733 120.215592 247.972023 2.427408 250.399431 37680.610237 31897.853128 0.429881 0.626955 1216.464664 4.045482 998.026462 21.500091 3.787952 0.990183 0.305260 5.373749 22.040024 0.193515 0.008686 
MP14 84.877294 0.159428 0.187834 0.032058 1168329.551501 1264323.496385 95993.944884 120.217403 243.270001 2.410186 245.680187 37716.413003 32012.670933 0.439713 0.627538 1244.294434 4.049271 998.025028 20.499929 4.308605 0.983157 0.298712 5.136070 22.046316 0.197940 0.008694 
MP15 85.210144 0.163648 0.192052 0.031993 1168164.426805 1264158.304932 95993.878128 120.197178 238.315955 2.393172 240.709126 37633.870931 32067.875783 0.449605 0.626322 1272.181331 4.041090 998.024838 20.499929 3.803394 0.976217 0.291574 4.912674 22.046984 0.202394 0.008677 
MP16 85.275061 0.162980 0.191123 0.032054 1168242.802875 1264233.272634 95990.469759 120.208095 233.603855 2.373133 235.976988 37709.547494 32156.839666 0.459873 0.627495 1301.292986 4.048838 998.027245 19.500058 4.322728 0.968043 0.285598 4.695630 22.036501 0.207016 0.008694 
MP17 85.342809 0.165489 0.193911 0.032038 1168192.038821 1264182.470980 95990.432159 120.202503 228.705434 2.345278 231.050712 37688.433197 32164.367466 0.469799 0.627190 1329.349221 4.046775 998.023506 19.500058 3.823190 0.956680 0.279427 4.499338 22.052845 0.211484 0.008689 
MP18 85.333455 0.163447 0.191539 0.032036 1168266.091544 1264256.295617 95990.204073 120.209881 223.951332 2.318854 226.270186 37687.952108 32160.431577 0.479651 0.627123 1357.268960 4.046473 998.024046 18.499896 4.338531 0.945901 0.273659 4.316406 22.050549 0.215919 0.008688 
MP19 85.159896 0.164361 0.193003 0.032040 1168258.396102 1264247.055560 95988.659458 120.209314 218.910418 2.291664 221.202082 37692.585665 32098.966690 0.489704 0.627205 1385.712783 4.046989 998.023997 18.499896 3.824462 0.934810 0.268076 4.140996 22.050757 0.220444 0.008690 
MP20 85.014137 0.171842 0.202133 0.032021 1168149.086375 1264140.679707 95991.593332 120.197436 213.921517 2.262017 216.183534 37667.103187 32022.362815 0.499901 0.626875 1414.497369 4.044662 998.021890 17.500025 4.315567 0.922717 0.262470 3.973812 22.059885 0.225035 0.008685 
MP21 84.811797 0.163627 0.192929 0.032042 1168248.375882 1264241.943307 95993.567425 120.208626 209.386090 2.240602 211.626691 37694.539957 31969.416701 0.509797 0.627244 1442.565869 4.047230 998.022018 17.500025 3.853047 0.913981 0.257526 3.821001 22.059428 0.229489 0.008690 
MP22 84.362934 0.168269 0.199458 0.032013 1168110.454177 1264101.904314 95991.450137 120.193158 204.101955 2.229464 206.331419 37656.279131 31767.941796 0.519619 0.626729 1470.263228 4.043646 998.021155 16.499864 4.314335 0.909438 0.252451 3.677963 22.063065 0.233911 0.008683 
MP23 85.057298 0.176427 0.207422 0.029061 1170109.420961 1266095.862624 95986.441663 120.250418 186.740789 2.188960 188.929749 34200.083220 29089.666802 0.519513 0.568798 1470.312945 3.670751 998.023802 14.500121 4.543596 0.892915 0.229163 3.683998 22.053441 0.233863 0.007880 
MP24 85.541243 0.175215 0.204831 0.029065 1170128.140032 1266112.160980 95984.020947 120.252763 191.544359 2.174970 193.719329 34204.963447 29259.350992 0.509618 0.568864 1442.324947 3.671211 998.021634 15.499993 4.033590 0.887209 0.233639 3.828429 22.062956 0.229409 0.007881 
MP25 85.856650 0.182956 0.213094 0.029046 1170280.208620 1266263.180900 95982.972280 120.267432 195.931253 2.171306 198.102559 34186.547155 29351.424250 0.499880 0.568454 1414.850248 3.668788 998.021319 15.499993 4.480963 0.885714 0.238019 3.979078 22.064483 0.225025 0.007876 
MP26 85.809147 0.176972 0.206239 0.029064 1170080.136632 1266065.485539 95985.348907 120.247842 200.140250 2.167259 202.307508 34202.622076 29348.978193 0.489489 0.568860 1385.327215 3.671111 998.021453 15.499993 4.910194 0.884063 0.243245 4.149773 22.063705 0.220348 0.007881 
MP27 86.071085 0.171394 0.199130 0.029050 1170039.879242 1266025.695149 95985.815907 120.243233 204.773651 2.168449 206.942100 34185.362636 29423.712538 0.479755 0.568606 1357.750585 3.669403 998.020252 16.499864 4.382834 0.884549 0.248070 4.319910 22.068924 0.215966 0.007878 
MP28 86.115212 0.174031 0.202091 0.029055 1169975.082817 1265960.642057 95985.559241 120.237108 209.378065 2.162700 211.540765 34188.768180 29441.730365 0.469625 0.568708 1329.047928 3.669964 998.017865 17.500025 3.852229 0.882204 0.253466 4.508275 22.079309 0.211405 0.007879 
MP29 86.132734 0.171532 0.199148 0.029030 1170127.008874 1266113.212431 95986.203557 120.251430 213.810457 2.159973 215.970431 34163.898581 29426.300024 0.459724 0.568192 1301.106199 3.666857 998.018192 17.500025 4.304242 0.881091 0.258690 4.704597 22.078029 0.206949 0.007872 
MP30 85.826878 0.168906 0.196799 0.029063 1170076.016611 1266061.408927 95985.392317 120.247508 218.142068 2.162526 220.304594 34201.346157 29353.947492 0.449579 0.568842 1272.372699 3.670988 998.020342 17.500025 4.745977 0.882132 0.264830 4.919255 22.068567 0.202382 0.007881 
MP31 85.684778 0.176367 0.205832 0.029038 1170104.820168 1266086.111460 95981.291291 120.249311 222.470218 2.165347 224.635565 34172.477285 29280.611151 0.439806 0.568349 1244.723826 3.667836 998.020009 18.499896 4.187488 0.883283 0.270481 5.140352 22.070042 0.197982 0.007874 
MP32 85.360894 0.170956 0.200274 0.029049 1170018.883061 1266000.758532 95981.875471 120.241192 226.923262 2.177736 229.100998 34182.644155 29178.610589 0.429746 0.568576 1216.211231 3.669179 998.018680 18.499896 4.641607 0.888337 0.276923 5.383808 22.075779 0.193454 0.007877 
MP33 85.109136 0.165566 0.194534 0.029024 1169999.688582 1265985.212847 95985.524265 120.237842 231.462059 2.174980 233.637039 34152.328807 29066.751914 0.419793 0.568095 1188.026675 3.666021 998.020415 19.500058 4.104309 0.887213 0.283249 5.642185 22.068170 0.188973 0.007871 
MP34 85.338448 0.171456 0.200913 0.026044 1171142.836192 1267129.257936 95986.421744 120.221445 208.369743 2.087863 210.457606 30641.331468 26148.836808 0.419274 0.509798 1186.476470 3.289596 998.017923 16.499864 4.749562 0.851676 0.254497 5.662479 22.080217 0.188740 0.007063 
MP35 85.774731 0.177328 0.206737 0.026060 1171212.698626 1267196.960094 95984.261468 120.229365 204.382807 2.094112 206.476919 30662.363042 26300.559436 0.429823 0.510098 1216.367638 3.291640 998.017120 16.499864 4.342976 0.854225 0.248397 5.387924 22.083795 0.193488 0.007067 
MP36 86.163534 0.182839 0.212199 0.026035 1171236.947616 1267222.209904 95985.262287 120.231060 200.413323 2.084656 202.497980 30633.475727 26394.885385 0.439837 0.509608 1244.716561 3.288500 998.014868 16.499864 3.938171 0.850368 0.242508 5.145412 22.093675 0.197996 0.007060 
MP37 86.317488 0.178813 0.207157 0.026031 1171202.473729 1267189.909542 95987.435813 120.227023 196.347079 2.075053 198.422133 30628.290156 26437.570584 0.449605 0.509546 1272.338923 3.288044 998.017880 15.499993 4.523368 0.846451 0.237210 4.924265 22.080466 0.202393 0.007059 
MP38 86.557436 0.175255 0.202473 0.026028 1171260.636482 1267246.126769 95985.490286 120.233298 192.549473 2.064266 194.613739 30625.510092 26508.656392 0.459624 0.509462 1300.725342 3.287587 998.013835 15.499993 4.136091 0.842050 0.232001 4.711933 22.098219 0.206904 0.007058 
MP39 86.578502 0.179030 0.206783 0.026050 1171179.852093 1267160.911528 95981.059435 120.226327 188.585458 2.056717 190.642174 30650.393067 26536.651293 0.469708 0.509921 1329.225050 3.290458 998.011156 14.500121 4.731715 0.838971 0.227225 4.511745 22.109842 0.211443 0.007065 
MP40 86.551611 0.179974 0.207939 0.026049 1171302.694079 1267282.997413 95980.303334 120.238779 184.578141 2.052774 186.630915 30652.350569 26530.103237 0.479661 0.509874 1357.459052 3.290325 998.011630 14.500121 4.323051 0.837363 0.222490 4.326467 22.107892 0.215923 0.007064 
MP41 86.509210 0.185543 0.214477 0.026027 1171187.361237 1267169.244940 95981.883703 120.225820 180.514810 2.047359 182.562168 30622.506038 26491.287956 0.489660 0.509459 1385.682301 3.287470 998.013427 13.499960 4.908836 0.835154 0.217770 4.151605 22.099923 0.220424 0.007058 
MP42 86.352684 0.187341 0.216949 0.026045 1171246.671037 1267227.703221 95981.032184 120.232661 176.652322 2.032836 178.685158 30645.714917 26463.397259 0.499743 0.509802 1414.257525 3.289775 998.013369 13.499960 4.514941 0.829230 0.213519 3.985735 22.100232 0.224963 0.007063 
MP43 86.148079 0.180917 0.210007 0.026019 1171154.844493 1267135.323540 95980.479046 120.222100 172.571465 2.028043 174.599508 30611.994538 26371.645351 0.509686 0.509308 1442.333178 3.286442 998.013871 13.499960 4.098778 0.827275 0.209151 3.831774 22.097947 0.229439 0.007056 
MP44 85.619510 0.190926 0.222994 0.026036 1171126.917032 1267109.944055 95983.027023 120.219951 168.323776 2.023795 170.347571 30632.546560 26227.436201 0.519556 0.509663 1470.250300 3.288706 998.014323 12.500089 4.665472 0.825542 0.205321 3.687551 22.095945 0.233882 0.007061 
MP45 86.098741 0.201181 0.233664 0.023010 1172316.725044 1268302.998879 95986.273835 120.220679 149.403483 1.955499 151.358982 27071.709222 23308.400837 0.519656 0.450414 1470.536006 2.906395 998.015007 10.500056 4.736025 0.797683 0.181417 3.689860 22.094139 0.233927 0.006240 
MP46 86.504571 0.195309 0.225778 0.023008 1172263.001167 1268244.738178 95981.737010 120.215783 153.086898 1.951483 155.038381 27068.966209 23415.893201 0.509673 0.450398 1442.257766 2.906235 998.009671 11.499927 4.111786 0.796044 0.184964 3.835817 22.117409 0.229434 0.006240 
MP47 86.818750 0.201819 0.232460 0.023019 1172362.650155 1268343.156057 95980.505902 120.226293 156.795153 1.953589 158.748741 27083.457884 23513.519580 0.499814 0.450580 1414.421117 2.907535 998.010149 11.499927 4.489952 0.796903 0.188688 3.988622 22.115415 0.224995 0.006243 
MP48 86.923649 0.198870 0.228787 0.023009 1172381.799431 1268361.934555 95980.135124 120.227448 160.243620 1.953878 162.197498 27071.843031 23531.833690 0.489565 0.450379 1385.424944 2.906250 998.013655 11.499927 4.841624 0.797021 0.192552 4.157382 22.100104 0.220382 0.006240 
MP49 86.885085 0.194520 0.223882 0.023003 1172274.932871 1268254.491348 95979.558477 120.216077 163.444667 1.953511 165.398178 27062.203560 23513.018526 0.479731 0.450281 1357.528784 2.905484 998.015526 12.500089 4.167903 0.796872 0.196458 4.329597 22.091816 0.215955 0.006238 
MP50 86.912038 0.186492 0.214576 0.023013 1172108.948089 1268091.030923 95982.082834 120.199645 167.053280 1.951989 169.005269 27070.594595 23527.605544 0.469815 0.450514 1329.379165 2.906786 998.014337 12.500089 4.535908 0.796251 0.200707 4.514263 22.096855 0.211491 0.006242 
MP51 86.890219 0.187490 0.215778 0.023013 1172295.789135 1268282.051022 95986.261887 120.219080 170.686569 1.953874 172.640443 27074.652162 23525.224500 0.459839 0.450473 1301.255616 2.906760 998.011409 12.500089 4.906428 0.797020 0.205043 4.712266 22.109852 0.207000 0.006241 
MP52 86.569227 0.190459 0.220008 0.023020 1172156.769616 1268143.806121 95987.036505 120.205227 173.986566 1.948252 175.934818 27080.426707 23443.316160 0.449683 0.450648 1272.443857 2.907717 998.010836 13.499960 4.243089 0.794727 0.209755 4.927499 22.112220 0.202429 0.006243 
MP53 86.380163 0.195355 0.226157 0.023030 1172277.952928 1268264.225059 95986.272130 120.217714 177.647050 1.944963 179.592014 27094.520228 23404.290646 0.439770 0.450811 1244.456856 2.908922 998.012947 13.499960 4.616383 0.793385 0.214561 5.152145 22.103113 0.197966 0.006246 
MP54 86.062148 0.183866 0.213644 0.023012 1172201.159943 1268181.951222 95980.791279 120.208857 180.970770 1.955313 182.926083 27071.750878 23298.530430 0.429819 0.450480 1216.253984 2.906683 998.015836 13.499960 4.955334 0.797607 0.219368 5.393486 22.090388 0.193487 0.006241 
MP55 85.710365 0.180086 0.210110 0.023020 1172255.725476 1268233.755630 95978.030154 120.214921 184.619459 1.944498 186.563956 27082.820808 23212.784433 0.419876 0.450631 1188.148920 2.907729 998.014349 14.500121 4.327264 0.793195 0.224637 5.651935 22.096940 0.189011 0.006243 
MP56 85.626378 0.199343 0.232806 0.020019 1173531.432685 1269509.999850 95978.567166 120.240413 160.473037 1.845895 162.318931 23556.893580 20170.914859 0.419307 0.391839 1186.664099 2.528639 998.012511 11.499927 4.865020 0.752973 0.195595 5.672265 22.106245 0.188754 0.005429 
MP57 86.174087 0.203503 0.236153 0.019989 1173390.145679 1269366.335861 95976.190183 120.225848 157.298765 1.853792 159.152557 23519.024288 20267.304351 0.429719 0.391283 1216.056494 2.524897 998.005548 11.499927 4.541310 0.756195 0.190585 5.400766 22.136522 0.193441 0.005421 
MP58 86.472418 0.198079 0.229067 0.019996 1173455.136115 1269430.560764 95975.424649 120.232659 154.295093 1.848075 156.143168 23528.446303 20345.616433 0.439681 0.391407 1244.283231 2.525765 998.005992 11.499927 4.234997 0.753862 0.186326 5.158794 22.134647 0.197926 0.005423 
MP59 86.740827 0.207187 0.238857 0.019977 1173321.315055 1269295.708527 95974.393471 120.217846 151.163126 1.842991 153.006117 23502.366881 20386.147414 0.449617 0.391043 1272.324084 2.523265 998.010114 10.500056 4.915472 0.751789 0.182039 4.933327 22.116504 0.202399 0.005418 
MP60 86.827820 0.205728 0.236938 0.019995 1173451.330369 1269421.097112 95969.766743 120.232110 148.059937 1.836215 149.896152 23527.351842 20428.286785 0.459867 0.391391 1301.406116 2.525656 998.007091 10.500056 4.599011 0.749025 0.178140 4.715841 22.129831 0.207013 0.005422 
MP61 87.132720 0.206968 0.237532 0.019968 1173375.641653 1269343.248647 95967.606995 120.223749 145.230646 1.832700 147.063345 23492.892052 20469.995867 0.469698 0.390859 1329.182749 2.522138 998.004775 9.499895 5.310642 0.747591 0.174174 4.520520 22.139864 0.211439 0.005415 
MP62 86.972102 0.208461 0.239687 0.019992 1173352.591918 1269319.405831 95966.813913 120.222550 142.094995 1.838307 143.933302 23521.822232 20457.423121 0.479620 0.391347 1357.253662 2.525276 998.001871 9.499895 4.990870 0.749878 0.170784 4.335393 22.152515 0.215905 0.005422 
MP63 86.928253 0.213512 0.245619 0.019994 1173323.760376 1269292.189226 95968.428850 120.219722 139.115862 1.837413 140.953276 23522.873663 20448.023125 0.489541 0.391379 1385.311811 2.525450 998.001260 9.499895 4.687060 0.749513 0.167336 4.161454 22.155154 0.220371 0.005422 
MP64 86.779214 0.222182 0.256032 0.020000 1173393.309959 1269364.456093 95971.146134 120.226873 136.057602 1.829042 137.886644 23531.993472 20420.878975 0.499750 0.391495 1414.241616 2.526275 998.002664 9.499895 4.375180 0.746099 0.163967 3.993172 22.149103 0.224966 0.005424 
MP65 86.634585 0.209424 0.241733 0.019994 1173357.669834 1269330.723343 95973.053510 120.222836 133.092846 1.826420 134.919266 23523.157739 20379.190168 0.509707 0.391367 1442.395419 2.525408 998.004091 8.500023 5.072708 0.745029 0.160711 3.838688 22.142845 0.229449 0.005422 
MP66 86.202601 0.216612 0.251283 0.019990 1173338.318217 1269309.428795 95971.110578 120.220769 129.836982 1.828589 131.665571 23518.211317 20273.309973 0.519593 0.391295 1470.360458 2.524921 998.003799 8.500023 4.740677 0.745914 0.157624 3.693999 22.144095 0.233899 0.005421 
MP67 85.907583 0.238487 0.277609 0.016984 1174615.233328 1270583.744260 95968.510932 120.261210 109.729932 1.806243 111.536175 19988.323590 17171.485647 0.519434 0.332398 1470.156284 2.145237 998.000668 6.499991 4.690204 0.736799 0.133940 3.699058 22.159013 0.233827 0.004605 
MP68 86.341991 0.237166 0.274682 0.017015 1174674.361090 1270643.451901 95969.090811 120.268422 112.696273 1.804197 114.500470 20026.478349 17291.260134 0.509500 0.333004 1442.084658 2.149208 997.998176 6.499991 4.992710 0.735964 0.136800 3.844675 22.169943 0.229356 0.004614 
MP69 86.544161 0.248054 0.286622 0.017024 1174579.616115 1270552.530413 95972.914298 120.259194 115.279737 1.798269 117.078005 20035.602390 17339.643904 0.499697 0.333194 1414.282742 2.150356 997.996493 7.499862 4.256299 0.733546 0.139564 3.997002 22.177194 0.224943 0.004616 
MP70 86.707401 0.246580 0.284382 0.017038 1174619.494051 1270590.623858 95971.129807 120.263554 118.045357 1.794976 119.840333 20052.157438 17386.704475 0.489495 0.333451 1385.433377 2.152053 997.997222 7.499862 4.538335 0.732202 0.142583 4.165335 22.174050 0.220350 0.004620 
MP71 86.875696 0.230491 0.265311 0.017015 1174544.044507 1270516.435651 95972.391144 120.254950 120.597647 1.785025 122.382672 20023.999853 17395.989178 0.479599 0.333018 1357.377298 2.149180 997.999421 7.499862 4.798616 0.728143 0.145335 4.339016 22.164390 0.215896 0.004614 
MP72 86.793247 0.231951 0.267245 0.017017 1174651.481500 1270626.371210 95974.889710 120.265678 123.102476 1.781259 124.883735 20027.796500 17382.774801 0.469616 0.333036 1329.182480 2.149391 998.001887 7.499862 5.054057 0.726607 0.148433 4.525450 22.153746 0.211402 0.004614 
MP73 86.614562 0.229827 0.265345 0.017028 1174590.903834 1270566.957935 95976.054101 120.259670 125.596671 1.779202 127.375873 20040.683438 17358.150231 0.459788 0.333275 1301.330631 2.150878 998.003078 8.500023 4.308253 0.725768 0.151715 4.720987 22.148490 0.206977 0.004617 
MP74 86.413150 0.228443 0.264361 0.017030 1174569.810787 1270544.433425 95974.622638 120.256515 128.216626 1.766517 129.983142 20042.033447 17318.952410 0.449553 0.333307 1272.348171 2.151061 998.011726 8.500023 4.575434 0.720593 0.155184 4.938381 22.110694 0.202370 0.004618 
MP75 86.246809 0.222842 0.258377 0.017030 1174555.816920 1270530.973173 95975.156253 120.254866 130.909806 1.758440 132.668245 20042.490046 17286.008062 0.439620 0.333321 1244.225532 2.151135 998.013685 8.500023 4.850083 0.717299 0.158697 5.164072 22.102121 0.197898 0.004618 
MP76 85.846721 0.215757 0.251328 0.017020 1174655.446536 1270630.481085 95975.034549 120.264782 133.280490 1.755244 135.035734 20032.304871 17197.076892 0.429673 0.333111 1216.122450 2.149865 998.013567 9.499895 4.091972 0.715995 0.162268 5.405960 22.102732 0.193421 0.004615 
MP77 85.394608 0.212420 0.248751 0.017028 1174508.610038 1270482.097715 95973.487677 120.250775 135.939347 1.741442 137.680788 20038.485095 17111.785883 0.419352 0.333274 1186.843280 2.150793 998.006966 9.499895 4.363121 0.710365 0.166343 5.675306 22.131430 0.188775 0.004617 
MP78 84.948400 0.241056 0.283767 0.014041 1175374.123730 1271343.364371 95969.240641 120.264330 111.199781 1.659950 112.859731 16525.936756 14038.518800 0.419677 0.274809 1187.828274 1.773589 998.002032 6.499991 4.840098 0.677123 0.137056 5.670100 22.153816 0.188921 0.003807 
MP79 85.211085 0.248628 0.291779 0.014006 1175351.950354 1271325.906440 95973.956086 120.260321 108.601574 1.664214 110.265788 16483.932133 14046.137367 0.429790 0.274122 1216.431085 1.769126 998.009817 6.499991 4.575135 0.678862 0.133497 5.406441 22.119812 0.193473 0.003798 
MP80 85.598758 0.254199 0.296966 0.013996 1175301.704867 1271275.913631 95974.208764 120.255254 106.529285 1.661014 108.190299 16471.060522 14099.023161 0.439693 0.273926 1244.434620 1.767824 998.007312 5.500119 5.363676 0.677557 0.130397 5.165648 22.130707 0.197931 0.003795 
MP81 85.756290 0.254559 0.296841 0.013990 1175404.238310 1271375.694792 95971.456482 120.266691 104.328487 1.664167 105.992655 16465.669129 14120.346886 0.449467 0.273800 1272.157778 1.767093 997.998239 5.500119 5.139240 0.678843 0.127502 4.943436 22.170392 0.202331 0.003793 
MP82 85.857478 0.255404 0.297474 0.013994 1175347.530541 1271317.701073 95970.170532 120.261150 102.102709 1.673372 103.776081 16469.041756 14139.903837 0.459714 0.273875 1301.129647 1.767539 997.996803 5.500119 4.912256 0.682598 0.124695 4.725517 22.176595 0.206944 0.003794 
MP83 85.858140 0.257675 0.300117 0.014001 1175261.376022 1271229.684289 95968.308267 120.252577 99.965446 1.681775 101.647220 16476.587343 14146.491486 0.469577 0.274030 1328.998888 1.768476 997.996284 5.500119 4.694299 0.686026 0.122144 4.529077 22.178767 0.211384 0.003797 
MP84 85.780926 0.259238 0.302210 0.014010 1175269.454623 1271237.493695 95968.039072 120.253469 97.799216 1.690994 99.490210 16487.288968 14142.949192 0.479636 0.274205 1357.472423 1.769610 997.997431 5.500119 4.473388 0.689786 0.119659 4.341096 22.173773 0.215912 0.003799 
MP85 85.809222 0.265205 0.309063 0.013996 1175334.036071 1271299.125018 95965.088947 120.259629 95.721401 1.702570 97.423970 16471.558280 14134.116044 0.489490 0.273922 1385.396896 1.767829 997.998418 4.499958 5.261655 0.694508 0.117129 4.168083 22.169530 0.220348 0.003795 
MP86 85.637544 0.275702 0.321941 0.013987 1175307.023452 1271268.344088 95961.320637 120.257149 93.438660 1.715502 95.154162 16460.699068 14096.538363 0.499839 0.273751 1414.673013 1.766707 997.994401 4.499958 5.028862 0.699784 0.114632 3.997279 22.187004 0.225007 0.003793 
MP87 85.294105 0.267697 0.313852 0.013995 1175311.604124 1271273.926802 95962.322678 120.257874 91.284730 1.723880 93.008610 16470.532373 14048.393103 0.509621 0.273912 1442.364010 1.767753 997.993836 4.499958 4.809206 0.703201 0.112498 3.845287 22.189470 0.229410 0.003795 
MP88 84.666651 0.269007 0.317725 0.014014 1175196.516892 1271157.164767 95960.647875 120.246389 88.929376 1.735798 90.665174 16490.819250 13962.224421 0.519612 0.274288 1470.569310 1.770097 997.995063 4.499958 4.569008 0.708063 0.110487 3.698831 22.184007 0.233908 0.003800 
MP89 82.894271 0.328112 0.395820 0.010957 1175943.164540 1271899.807056 95956.642516 120.261259 67.701818 1.714469 69.416287 12895.166411 10689.354158 0.519551 0.214444 1470.487945 1.383982 997.989490 1.500054 5.404138 0.699362 0.086391 3.701611 22.209005 0.233880 0.002971 
MP90 83.317065 0.325214 0.390333 0.010977 1175983.288211 1271938.685791 95955.397580 120.265192 69.551538 1.712603 71.264141 12919.638014 10764.263237 0.509617 0.214840 1442.396416 1.386557 997.993899 2.499925 4.592901 0.698601 0.088237 3.847312 22.189845 0.229408 0.002976 
MP91 83.917936 0.329310 0.392419 0.010955 1176010.834668 1271969.739749 95958.905081 120.267233 71.368079 1.709257 73.077337 12893.776886 10820.191478 0.499551 0.214403 1413.916025 1.383754 997.997037 2.499925 4.778150 0.697236 0.089833 4.003946 22.176205 0.224877 0.002970 
MP92 84.091120 0.330126 0.392581 0.010959 1175930.027136 1271888.267092 95958.239956 120.258349 73.058442 1.705306 74.763748 12897.173566 10845.377700 0.489437 0.214482 1385.239926 1.384213 998.002780 2.499925 4.950533 0.695624 0.091723 4.171124 22.151077 0.220324 0.002972 
MP93 84.328984 0.309552 0.367077 0.010957 1176078.049213 1272037.059106 95959.009893 120.274058 74.817582 1.699059 76.516642 12896.343765 10875.355660 0.479515 0.214428 1357.247183 1.383950 997.997621 2.499925 5.129929 0.693076 0.093597 4.345524 22.173726 0.215858 0.002971 
MP94 84.432649 0.316790 0.375198 0.010967 1175951.400018 1271909.375029 95957.975011 120.260903 76.617048 1.690054 78.307102 12907.045662 10897.760573 0.469542 0.214640 1328.946485 1.385245 998.000914 2.499925 5.313437 0.689403 0.095679 4.532072 22.159241 0.211368 0.002974 
MP95 84.341837 0.310479 0.368120 0.010972 1175977.159840 1271933.008657 95955.848817 120.263528 78.242294 1.690008 79.932302 12913.042127 10891.096945 0.459709 0.214733 1301.129977 1.385858 998.001695 3.500087 4.479017 0.689384 0.097768 4.728023 22.155857 0.206942 0.002975 
MP96 84.074362 0.314888 0.374535 0.010975 1176087.106732 1272038.137372 95951.030640 120.274934 79.838339 1.677584 81.515922 12918.060217 10860.776659 0.449502 0.214786 1272.300853 1.386266 998.000747 3.500087 4.641781 0.684316 0.100013 4.945183 22.160091 0.202347 0.002976 
MP97 84.063751 0.306111 0.364141 0.010979 1176030.153997 1271977.245968 95947.091971 120.269262 81.703050 1.666607 83.369657 12922.279276 10862.952684 0.439606 0.214871 1244.260337 1.386785 998.000131 3.500087 4.831943 0.679838 0.102305 5.170335 22.162712 0.197892 0.002977 
MP98 83.816112 0.295914 0.353052 0.010958 1175973.224940 1271916.894217 95943.669277 120.262807 83.219527 1.659726 84.879252 12897.093270 10809.842124 0.429688 0.214469 1216.155721 1.384153 998.002341 3.500087 4.986592 0.677031 0.104471 5.411789 22.153008 0.193428 0.002971 
MP99 83.492484 0.278370 0.333407 0.010960 1176093.540768 1272037.212062 95943.671294 120.275094 85.034653 1.639606 86.674258 12900.054871 10770.576272 0.419239 0.214486 1186.643295 1.384329 998.002611 3.500087 5.171698 0.668824 0.107082 5.684904 22.151950 0.188724 0.002972 
