MP_Name eta e.eta f.eta Q_A p_Duese_rel p_Duese_abs p_amb H_tot M_Generator M_Lager M_mech P_hyd P_mech ku kcm n_rpm v_ME rho Masse_Aufgelegt Masse_Generator_Sensor Masse_Lager_Sensor phi psi T_Water n_ED Q_ED 
[] [%] [%] [%] [m^3/s] [Pa(r)] [Pa(a)] [Pa(a)] [m] [Nm] [Nm] [Nm] [W] [W] [-] [-] [rpm] [m/s] [kg/m^3] [kg] [kg] [kg] [-] [-] [°C] [-] [-] 
MP01 83.804694 0.163258 0.194808 0.035066 1167179.372015 1263267.610279 96088.238265 120.258740 222.278915 2.290384 224.569299 41271.258565 34587.251949 0.519647 0.686299 1470.743902 4.429200 998.070097 18.999977 3.667898 0.934288 0.276431 3.672449 21.846921 0.233923 0.009508 
MP02 84.089205 0.163745 0.194727 0.035082 1167027.185554 1263117.130622 96089.945068 120.244059 227.388123 2.402466 229.790589 41285.658542 34716.782202 0.509772 0.686664 1442.708562 4.431283 998.070697 18.999977 4.188932 0.980008 0.281936 3.816065 21.844117 0.229478 0.009513 
MP03 84.428835 0.164995 0.195425 0.035050 1167046.435703 1263134.047406 96087.611703 120.244208 232.767285 2.417030 235.184316 41247.780244 34825.020452 0.499634 0.686033 1414.016271 4.427213 998.070527 20.000139 3.737334 0.985949 0.287392 3.972569 21.844884 0.224914 0.009505 
MP04 84.630449 0.161076 0.190329 0.035080 1167088.083134 1263175.591287 96087.508153 120.249892 238.418374 2.424878 240.843252 41284.603220 34939.345207 0.489484 0.686595 1385.324967 4.430946 998.072684 20.000139 4.313629 0.989151 0.293592 4.138963 21.835387 0.220345 0.009512 
MP05 84.887865 0.162420 0.191335 0.035059 1166982.560374 1263071.821449 96089.261075 120.237930 243.866107 2.421911 246.288019 41255.859011 35021.218058 0.479809 0.686219 1357.873598 4.428302 998.072562 21.000010 3.869314 0.987940 0.299348 4.307615 21.835822 0.215990 0.009507 
MP06 84.878068 0.158399 0.186619 0.035060 1166965.953472 1263057.775811 96091.822339 120.236273 249.103764 2.424860 251.528624 41257.406210 35018.489299 0.469779 0.686259 1329.478669 4.428527 998.073078 21.999881 3.403577 0.989143 0.305757 4.493518 21.833527 0.211475 0.009508 
MP07 84.897129 0.163541 0.192635 0.035031 1166824.107667 1262919.357534 96095.249867 120.220214 254.290755 2.417023 256.707778 41217.089000 34992.125284 0.459985 0.685726 1301.675333 4.424795 998.072084 21.999881 3.932543 0.985946 0.312025 4.686963 21.837789 0.207066 0.009500 
MP08 84.628360 0.161132 0.190400 0.035053 1166889.041448 1262984.838436 96095.796988 120.228186 259.479281 2.419791 261.899072 41246.177089 34905.963166 0.449742 0.686143 1272.732248 4.427626 998.071589 23.000042 3.461505 0.987076 0.319325 4.902833 21.840045 0.202455 0.009506 
MP09 84.314748 0.158839 0.188388 0.035081 1166938.744784 1263035.207167 96096.462383 120.234663 264.628343 2.420287 267.048630 41281.379230 34806.290945 0.439798 0.686671 1244.625728 4.431159 998.073237 23.000042 3.986603 0.987278 0.326797 5.126978 21.832804 0.197979 0.009513 
MP10 84.120469 0.157897 0.187704 0.035038 1166915.496828 1263009.842286 96094.345458 120.229635 269.835242 2.421805 272.257047 41228.345574 34681.477660 0.429847 0.685831 1216.437626 4.425645 998.074598 23.999914 3.517728 0.987897 0.333953 5.367228 21.826755 0.193499 0.009502 
MP11 83.770999 0.151285 0.180594 0.035042 1166912.361961 1263006.712892 96094.350931 120.229675 275.130463 2.425095 277.555559 41232.956311 34541.259246 0.419936 0.685909 1188.391725 4.426144 998.073466 23.999914 4.057731 0.989239 0.341873 5.623541 21.831762 0.189038 0.009503 
MP12 84.305480 0.157036 0.186271 0.032045 1168687.749101 1264783.869052 96096.119951 120.247780 253.536377 2.374488 255.910865 37713.130940 31794.236238 0.419201 0.627216 1186.399769 4.047707 998.071651 21.999881 3.855612 0.968596 0.313168 5.651035 21.841578 0.188707 0.008690 
MP13 84.645683 0.164121 0.193892 0.032093 1168659.561721 1264755.346386 96095.784665 120.247408 248.579853 2.372796 250.952648 37768.496497 31969.401825 0.429839 0.628140 1216.505591 4.053663 998.071253 21.999881 3.350148 0.967905 0.305867 5.374668 21.843308 0.193496 0.008702 
MP14 84.954184 0.166487 0.195972 0.032075 1168648.604869 1264744.485684 96095.880815 120.245473 243.706929 2.359733 246.066662 37747.060712 32067.707518 0.439726 0.627799 1244.475980 4.051431 998.070360 20.499929 4.353162 0.962577 0.298828 5.135741 21.847245 0.197946 0.008698 
MP15 85.180923 0.165608 0.194419 0.032065 1168456.245394 1264551.323886 96095.078492 120.225275 238.839740 2.350123 241.189863 37729.487153 32138.325447 0.449642 0.627665 1272.434908 4.050224 998.070729 20.499929 3.856809 0.958657 0.292175 4.911717 21.845419 0.202410 0.008696 
MP16 85.472208 0.162219 0.189792 0.032060 1168573.928624 1264669.426090 96095.497466 120.237060 234.225375 2.334064 236.559439 37726.447109 32245.627478 0.459952 0.627522 1301.673107 4.049503 998.070247 19.500058 4.386110 0.952106 0.285561 4.694016 21.847669 0.207051 0.008694 
MP17 85.479474 0.164061 0.191930 0.032066 1168599.862803 1264693.532020 96093.669217 120.240061 229.344775 2.320451 231.665226 37734.360142 32255.132405 0.469801 0.627630 1329.564350 4.050252 998.069895 19.500058 3.888389 0.946553 0.279622 4.499244 21.849249 0.211485 0.008695 
MP18 85.494980 0.167121 0.195475 0.032046 1168424.141945 1264515.582059 96091.440115 120.221109 224.425378 2.304061 226.729439 37705.702348 32236.482855 0.479789 0.627302 1357.722831 4.047815 998.069818 18.499896 4.386874 0.939867 0.273658 4.313906 21.849412 0.215981 0.008691 
MP19 85.230907 0.168206 0.197353 0.032067 1168583.694840 1264673.374116 96089.679277 120.238811 219.401725 2.283168 221.684894 37735.223600 32162.073258 0.489538 0.627656 1385.413193 4.050399 998.067041 18.499896 3.874565 0.931345 0.268360 4.143762 21.861841 0.220370 0.008696 
MP20 85.171132 0.171734 0.201634 0.032039 1168588.496076 1264680.460955 96091.964879 120.237954 214.539221 2.262852 216.802073 37701.873778 32111.112867 0.499772 0.627109 1414.370889 4.046852 998.066069 17.500025 4.378560 0.923057 0.262635 3.975841 21.866146 0.224977 0.008688 
MP21 84.941965 0.168778 0.198698 0.032040 1168419.735631 1264513.421513 96093.685882 120.220973 209.734452 2.238922 211.973374 37698.057916 32021.471326 0.509766 0.627179 1442.551584 4.047020 998.064452 17.500025 3.888573 0.913296 0.257515 3.821474 21.873125 0.229475 0.008689 
MP22 84.402938 0.170464 0.201965 0.032055 1168517.214826 1264613.798607 96096.583782 120.231784 204.498883 2.216295 206.715178 37718.844089 31835.812702 0.519679 0.627441 1470.669062 4.048890 998.063792 16.499864 4.354814 0.904066 0.252709 3.677056 21.876145 0.233938 0.008693 
MP23 85.004392 0.178473 0.209957 0.029092 1169762.399875 1265855.210356 96092.810481 120.211541 186.769004 2.144376 188.913380 34226.620127 29094.130387 0.519721 0.569492 1470.665973 3.674637 998.064496 14.500121 4.546474 0.874729 0.229350 3.680987 21.874273 0.233957 0.007890 
MP24 85.627883 0.179129 0.209195 0.029053 1169615.323283 1265703.007502 96087.684219 120.194666 191.537111 2.144817 193.681928 34176.470965 29264.588472 0.509931 0.568778 1442.861693 3.669768 998.064694 15.499993 4.032851 0.874909 0.233460 3.823740 21.873243 0.229550 0.007880 
MP25 85.895791 0.177810 0.207007 0.029079 1169626.389652 1265709.476598 96083.086946 120.197140 196.241421 2.149454 198.390875 34207.068033 29382.431724 0.499827 0.569270 1414.286594 3.672982 998.063523 15.499993 4.512593 0.876800 0.238386 3.979857 21.878418 0.225001 0.007887 
MP26 85.989263 0.176052 0.204738 0.029072 1169627.095696 1265712.581056 96085.485360 120.196960 200.482332 2.138780 202.621112 34198.665517 29407.180393 0.489805 0.569132 1385.926101 3.672088 998.062833 15.499993 4.945079 0.872446 0.243205 4.144410 21.881469 0.220490 0.007885 
MP27 86.111049 0.171134 0.198737 0.029082 1169523.234126 1265610.256414 96087.022288 120.186962 205.065158 2.134936 207.200094 34208.296634 29457.123190 0.479814 0.569364 1357.599799 3.673431 998.061905 16.499864 4.412562 0.870878 0.248370 4.318781 21.885463 0.215992 0.007888 
MP28 86.155178 0.170685 0.198114 0.029076 1169568.532839 1265656.967900 96088.435061 120.191466 209.557896 2.124808 211.682704 34201.696603 29466.532715 0.469794 0.569223 1329.275631 3.672590 998.060311 17.500025 3.870568 0.866747 0.253604 4.504973 21.892549 0.211482 0.007886 
MP29 86.138885 0.170769 0.198248 0.029080 1169406.954373 1265497.766244 96090.811870 120.174974 214.083376 2.111782 216.195157 34202.271135 29461.454955 0.459941 0.569348 1301.306537 3.673150 998.061914 17.500025 4.332074 0.861433 0.259094 4.700048 21.885315 0.207046 0.007888 
MP30 85.932512 0.171137 0.199153 0.029076 1169606.024174 1265698.640087 96092.615913 120.194914 218.434498 2.108125 220.542623 34203.086106 29391.570919 0.449768 0.569219 1272.628503 3.672622 998.063606 17.500025 4.775799 0.859941 0.264895 4.915090 21.878046 0.202467 0.007886 
MP31 85.627904 0.169155 0.197546 0.029069 1169475.012222 1265570.931460 96095.919237 120.181917 222.520066 2.093105 224.613171 34191.102205 29277.124014 0.439921 0.569116 1244.699672 3.671754 998.057645 18.499896 4.192571 0.853814 0.270775 5.137591 21.904233 0.198034 0.007885 
MP32 85.312972 0.168132 0.197077 0.029079 1169443.002521 1265537.017710 96094.015189 120.179267 226.940617 2.092500 229.033117 34201.421590 29178.249172 0.429979 0.569307 1216.556621 3.672949 998.056195 18.499896 4.643377 0.853568 0.277129 5.377901 21.910595 0.193559 0.007887 
MP33 84.781978 0.171113 0.201827 0.029092 1169350.023499 1265444.290196 96094.266697 120.170512 231.241000 2.079525 233.320525 34214.963794 29008.123237 0.419632 0.569595 1187.238766 3.674674 998.055370 19.500058 4.081765 0.848275 0.284106 5.646341 21.914138 0.188901 0.007891 
MP34 85.292884 0.185052 0.216960 0.026055 1171613.154668 1267709.479612 96096.324944 120.265501 208.409962 2.002996 210.412958 30667.398827 26157.109019 0.419419 0.509932 1187.103658 3.291065 998.055391 16.499864 4.753663 0.817057 0.254476 5.658557 21.916311 0.188805 0.007065 
MP35 85.741532 0.177207 0.206676 0.026063 1171529.936518 1267628.890643 96098.954125 120.257556 204.479936 2.013043 206.492979 30674.613650 26300.883576 0.429744 0.510104 1216.288024 3.292063 998.053531 16.499864 4.352881 0.821156 0.248445 5.389892 21.924435 0.193453 0.007067 
MP36 86.018527 0.183909 0.213802 0.026071 1171518.658361 1267619.744264 96101.085903 120.256113 200.525711 2.003129 202.528840 30683.580475 26393.563828 0.439702 0.510259 1244.464586 3.293048 998.058713 16.499864 3.949632 0.817112 0.242893 5.148508 21.901578 0.197935 0.007069 
MP37 86.238759 0.184118 0.213498 0.026091 1171540.307941 1267644.289540 96103.981599 120.259117 196.759473 1.996225 198.755699 30708.031339 26482.224996 0.449549 0.510647 1272.349032 3.295588 998.059223 15.499993 4.565424 0.814296 0.237753 4.925403 21.899356 0.202368 0.007075 
MP38 86.432940 0.192463 0.222673 0.026084 1171465.135137 1267569.829896 96104.694759 120.250781 192.645646 1.982971 194.628616 30698.246403 26533.396835 0.459984 0.510535 1301.839784 3.294756 998.062357 15.499993 4.145898 0.808889 0.232308 4.704462 21.885450 0.207066 0.007073 
MP39 86.517127 0.182674 0.211142 0.026071 1171520.935355 1267626.999723 96106.064368 120.256581 188.732968 1.976318 190.709286 30683.971455 26546.890503 0.469665 0.510264 1329.269994 3.293083 998.056852 14.500121 4.746758 0.806175 0.227399 4.512547 21.909798 0.211424 0.007069 
MP40 86.495205 0.183541 0.212198 0.026090 1171523.472698 1267627.514435 96104.041737 120.257695 184.877588 1.968213 186.845801 30706.825417 26559.931488 0.479610 0.510637 1357.422334 3.295506 998.056508 14.500121 4.353588 0.802869 0.222847 4.327322 21.911315 0.215900 0.007075 
MP41 86.627506 0.190183 0.219541 0.026065 1171625.909674 1267732.060333 96106.150659 120.266556 181.167605 1.952847 183.120451 30678.933733 26576.395015 0.489652 0.510115 1385.895874 3.292256 998.060800 13.499960 4.975407 0.796601 0.218053 4.151682 21.892486 0.220421 0.007067 
MP42 86.230772 0.188898 0.219061 0.026106 1171573.502540 1267680.537417 96107.034877 120.263248 176.972277 1.936747 178.909024 30727.027634 26496.153281 0.499672 0.510937 1414.236245 3.297516 998.058466 13.499960 4.547570 0.790033 0.214025 3.986787 21.902735 0.224931 0.007079 
MP43 85.974659 0.187875 0.218524 0.026062 1171509.181201 1267614.774232 96105.593030 120.255231 172.661772 1.925439 174.587211 30673.094440 26371.088391 0.509641 0.510092 1442.404301 3.291959 998.054943 13.499960 4.107987 0.785421 0.209492 3.832398 21.918202 0.229419 0.007067 
MP44 85.555713 0.186257 0.217703 0.026072 1171572.187987 1267677.870357 96105.682370 120.261993 168.556208 1.916720 170.472929 30686.226485 26253.819896 0.519606 0.510267 1470.647068 3.293181 998.055664 12.500089 4.689175 0.781864 0.205545 3.686810 21.915087 0.233905 0.007069 
MP45 85.957098 0.210256 0.244605 0.023023 1172474.880497 1268581.087614 96106.207117 120.233067 149.368154 1.847268 151.215422 27090.858932 23286.516238 0.519634 0.450647 1470.550070 2.908048 998.050525 10.500056 4.732422 0.753533 0.181518 3.690156 21.938637 0.233917 0.006243 
MP46 86.281238 0.204344 0.236835 0.023052 1172453.529679 1268559.774204 96106.244525 120.231578 153.112501 1.842139 154.954640 27125.091444 23403.864750 0.509653 0.451223 1442.295922 2.911749 998.053901 11.499927 4.114397 0.751441 0.185310 3.836068 21.923741 0.229425 0.006251 
MP47 86.646588 0.209870 0.242214 0.023049 1172473.815623 1268580.144815 96106.329191 120.233586 156.804254 1.843593 158.647847 27121.598921 23499.940186 0.499828 0.451154 1414.503272 2.911327 998.053397 11.499927 4.490880 0.752034 0.188924 3.988364 21.925980 0.225002 0.006250 
MP48 86.845005 0.200889 0.231319 0.023044 1172393.638555 1268499.858143 96106.219588 120.225093 160.533631 1.839691 162.373321 27113.528550 23546.745169 0.489350 0.451067 1384.801712 2.910663 998.054259 11.499927 4.871200 0.750442 0.192932 4.160998 21.922104 0.220285 0.006249 
MP49 86.883802 0.193262 0.222437 0.023026 1172504.201860 1268609.260094 96105.058234 120.235933 163.803240 1.839151 165.642391 27095.833294 23541.890193 0.479572 0.450712 1357.191784 2.908506 998.052740 12.500089 4.204470 0.750222 0.196711 4.332433 21.928905 0.215883 0.006244 
MP50 86.917946 0.198964 0.228910 0.023025 1172366.026538 1268472.940978 96106.914440 120.222417 167.306117 1.841360 169.147477 27090.905981 23546.858962 0.469760 0.450709 1329.348472 2.908320 998.047256 12.500089 4.561692 0.751123 0.200818 4.515312 21.952920 0.211466 0.006244 
MP51 86.749759 0.197851 0.228071 0.023035 1172452.969899 1268564.278657 96111.308757 120.231596 170.733714 1.837723 172.571437 27105.285950 23513.770365 0.459775 0.450896 1301.142128 2.909639 998.048060 12.500089 4.911236 0.749640 0.205264 4.713547 21.949480 0.206971 0.006247 
MP52 86.517898 0.196482 0.227100 0.023041 1172464.143897 1268576.125997 96111.982099 120.232936 174.192177 1.834181 176.026358 27111.900662 23456.646616 0.449653 0.450998 1272.505312 2.910317 998.048078 13.499960 4.264057 0.748195 0.209933 4.928131 21.949413 0.202415 0.006248 
MP53 86.178173 0.211436 0.245347 0.023042 1172401.246809 1268514.635816 96113.389008 120.226965 177.485580 1.826678 179.312258 27112.028667 23364.650870 0.439693 0.451036 1244.287388 2.910485 998.044702 13.499960 4.599917 0.745134 0.214706 5.153927 21.964208 0.197931 0.006249 
MP54 85.828126 0.201696 0.235000 0.023043 1172435.454275 1268549.516667 96114.062392 120.229985 180.881838 1.832567 182.714405 27114.025694 23271.460119 0.429779 0.451050 1216.248246 2.910614 998.048981 13.499960 4.946265 0.747537 0.219665 5.394435 21.945412 0.193469 0.006249 
MP55 85.353762 0.186218 0.218172 0.023054 1172366.582280 1268479.972324 96113.390044 120.223182 184.449055 1.817775 186.266831 27125.567751 23152.692616 0.419443 0.451280 1186.963494 2.912013 998.050489 14.500121 4.309887 0.741503 0.225193 5.663561 21.938700 0.188816 0.006252 
MP56 85.273012 0.208670 0.244708 0.020059 1173725.265154 1269842.671369 96117.406215 120.256881 160.231639 1.745637 161.977276 23608.169559 20131.397200 0.419340 0.392596 1186.837361 2.533698 998.051159 11.499927 4.840403 0.712076 0.195958 5.671326 21.937114 0.188769 0.005439 
MP57 85.959244 0.240986 0.280349 0.020038 1173624.648679 1269742.979840 96118.331161 120.245301 157.385860 1.760218 159.146078 23581.446214 20270.432985 0.429768 0.392207 1216.293727 2.531060 998.056305 11.499927 4.550192 0.718024 0.191013 5.399463 21.914336 0.193464 0.005434 
MP58 86.137457 0.211288 0.245292 0.020043 1173714.585945 1269834.963227 96120.377282 120.254508 154.176931 1.753785 155.930716 23588.499127 20318.533408 0.439654 0.392279 1244.319958 2.531621 998.057360 11.499927 4.222947 0.715400 0.186752 5.159365 21.909779 0.197914 0.005435 
MP59 86.396230 0.210064 0.243140 0.020038 1173737.271121 1269859.046377 96121.775255 120.256851 151.179644 1.749717 152.929362 23582.902644 20374.738818 0.449518 0.392175 1272.250285 2.530975 998.055766 10.500056 4.917157 0.713741 0.182606 4.935423 21.916831 0.202354 0.005433 
MP60 86.692197 0.209470 0.241625 0.020036 1173691.192875 1269811.780624 96120.587748 120.252220 148.301591 1.744345 150.045935 23579.565373 20441.643321 0.459670 0.392142 1300.957033 2.530717 998.054572 10.500056 4.623654 0.711549 0.178558 4.719837 21.922046 0.206924 0.005433 
MP61 86.900616 0.217838 0.250675 0.020021 1173687.273075 1269806.896746 96119.623671 120.251093 145.342839 1.745451 147.088290 23562.638315 20476.077825 0.469705 0.391865 1329.352186 2.528919 998.056757 9.499895 5.322084 0.712000 0.174620 4.520333 21.912408 0.211442 0.005429 
MP62 86.802358 0.221865 0.255598 0.020045 1173730.676417 1269851.282258 96120.605841 120.256660 142.333632 1.743097 144.076729 23591.695799 20478.148191 0.479560 0.392323 1357.276166 2.531928 998.053794 9.499895 5.015206 0.711040 0.171231 4.336421 21.925516 0.215878 0.005435 
MP63 86.855246 0.220067 0.253373 0.020020 1173684.344111 1269806.408747 96122.064637 120.251868 139.321989 1.743334 141.065323 23560.888997 20463.868056 0.489466 0.391836 1385.284071 2.528738 998.047424 9.499895 4.708081 0.711137 0.167558 4.162707 21.953526 0.220337 0.005429 
MP64 86.645400 0.220991 0.255053 0.020033 1173693.969953 1269818.653543 96124.683590 120.253783 136.207173 1.741068 137.948240 23576.540902 20427.988102 0.499644 0.392089 1414.102249 2.530389 998.043216 9.499895 4.390434 0.710212 0.164250 3.994820 21.972057 0.224919 0.005432 
MP65 86.347423 0.217580 0.251982 0.020041 1173666.262416 1269793.166285 96126.903868 120.250670 133.088731 1.737098 134.825829 23585.450710 20365.428822 0.509657 0.392250 1442.420353 2.531399 998.047730 8.500023 5.072289 0.708593 0.161090 3.839397 21.952173 0.229426 0.005434 
MP66 85.863878 0.216260 0.251864 0.020047 1173595.017388 1269722.000865 96126.983477 120.243538 129.832859 1.735378 131.568237 23591.160260 20256.285130 0.519492 0.392380 1470.212559 2.532161 998.048139 8.500023 4.740257 0.707892 0.158092 3.695387 21.950303 0.233854 0.005436 
MP67 85.297501 0.239227 0.280462 0.017051 1174061.286746 1270188.982464 96127.695718 120.201022 109.414796 1.681580 111.096376 20058.222601 17109.162617 0.519728 0.333796 1470.619244 2.153719 998.045952 6.499991 4.658066 0.685946 0.134427 3.694818 21.960394 0.233960 0.004625 
MP68 85.929215 0.252630 0.293998 0.017026 1174045.285304 1270172.890279 96127.604975 120.198198 112.278920 1.678605 113.957526 20028.442939 17210.283798 0.509679 0.333311 1442.169819 2.150563 998.050079 6.499991 4.950148 0.684733 0.136878 3.841962 21.942209 0.229436 0.004618 
MP69 86.193316 0.253493 0.294098 0.017034 1173985.057866 1270114.971409 96129.913543 120.191902 114.941571 1.677132 116.618703 20036.875236 17270.447176 0.499803 0.333477 1414.186726 2.151574 998.053107 7.499862 4.221813 0.684132 0.139653 3.995294 21.928817 0.224990 0.004620 
MP70 86.512351 0.245254 0.283490 0.017018 1174087.802040 1270219.535133 96131.733093 120.202631 117.724215 1.670609 119.394825 20019.666911 17319.484463 0.489546 0.333147 1385.226659 2.149547 998.047491 7.499862 4.505585 0.681471 0.142438 4.164483 21.953654 0.220373 0.004616 
MP71 86.467903 0.239300 0.276750 0.017042 1174064.497692 1270198.201902 96133.704210 120.202043 120.295054 1.664320 121.959374 20047.473940 17334.630348 0.479672 0.333616 1357.284155 2.152563 998.038081 7.499862 4.767758 0.678906 0.145574 4.337671 21.995016 0.215928 0.004622 
MP72 86.598051 0.236415 0.273002 0.017018 1173983.267647 1270115.767082 96132.499435 120.192212 122.876651 1.660072 124.536723 20018.324997 17335.479262 0.469787 0.333169 1329.259588 2.149594 998.045393 7.499862 5.031028 0.677173 0.148438 4.522154 21.962785 0.211479 0.004616 
MP73 86.432420 0.237974 0.275330 0.017019 1174085.784433 1270214.732865 96128.948433 120.202527 125.316883 1.652798 126.969681 20021.032076 17304.662562 0.459946 0.333171 1301.470976 2.149696 998.046914 8.500023 4.279720 0.674206 0.151615 4.717732 21.956188 0.207049 0.004616 
MP74 86.179053 0.240149 0.278663 0.017024 1174058.963291 1270182.044813 96123.081522 120.199917 127.902015 1.647434 129.549450 20026.931209 17259.019611 0.449603 0.333280 1272.189866 2.150376 998.047066 8.500023 4.543350 0.672018 0.155154 4.937287 21.955480 0.202393 0.004617 
MP75 85.692669 0.226588 0.264420 0.017062 1174126.004750 1270247.387347 96121.382596 120.207935 130.348210 1.641762 131.989973 20072.364262 17200.544687 0.439780 0.334003 1244.436221 2.155113 998.046004 8.500023 4.792812 0.669704 0.158963 5.160268 21.960217 0.197971 0.004627 
MP76 85.496502 0.234030 0.273731 0.017011 1174038.555969 1270159.568877 96121.012908 120.197424 132.660404 1.641501 134.301905 20010.795623 17108.530270 0.429916 0.333021 1216.471429 2.148688 998.047383 9.499895 4.028736 0.669597 0.162133 5.399838 21.954060 0.193530 0.004614 
MP77 85.043119 0.214182 0.251851 0.017025 1174040.692680 1270162.399189 96121.706509 120.198036 135.408380 1.620204 137.028584 20026.950444 17031.543244 0.419464 0.333288 1186.900229 2.150412 998.047248 9.499895 4.308973 0.660910 0.166305 5.672271 21.954655 0.188825 0.004618 
MP78 84.309807 0.243231 0.288497 0.014012 1174707.685064 1270830.223960 96122.538896 120.190235 110.164671 1.561998 111.726669 16481.757535 13895.738042 0.419750 0.274316 1187.670988 1.769860 998.046286 6.499991 4.734538 0.637167 0.136786 5.668135 21.959557 0.188954 0.003800 
MP79 84.673222 0.258410 0.305185 0.014012 1174763.456679 1270883.635815 96120.179135 120.195816 107.981926 1.570422 109.552348 16482.322732 13956.113653 0.429931 0.274306 1216.505814 1.769837 998.047230 6.499991 4.511943 0.640603 0.133542 5.402868 21.955453 0.193537 0.003800 
MP80 85.116692 0.255845 0.300582 0.013992 1174629.543134 1270743.438263 96113.895130 120.181794 105.936329 1.573740 107.510069 16457.766214 14008.306135 0.439762 0.273945 1244.250624 1.767408 998.046402 5.500119 5.303206 0.641956 0.130385 5.164019 21.958951 0.197963 0.003795 
MP81 85.389244 0.258623 0.302876 0.013998 1174751.362094 1270864.367687 96113.005593 120.193956 103.967095 1.576444 105.543540 16466.067027 14060.250127 0.449595 0.274041 1272.133747 1.768114 998.049833 5.500119 5.102385 0.643059 0.127578 4.940621 21.943971 0.202389 0.003797 
MP82 85.332711 0.258586 0.303032 0.014016 1174745.271189 1270856.002075 96110.730885 120.193511 101.685091 1.576901 103.261991 16486.800763 14068.634046 0.459803 0.274387 1301.016542 1.770344 998.051703 5.500119 4.869668 0.643246 0.124903 4.723657 21.935722 0.206984 0.003801 
MP83 85.414009 0.261806 0.306514 0.014012 1174735.214376 1270845.895477 96110.681101 120.192854 99.563975 1.580064 101.144039 16482.391729 14078.271570 0.469754 0.274317 1329.169691 1.769886 998.047937 5.500119 4.653357 0.644536 0.122226 4.525651 21.952294 0.211464 0.003800 
MP84 85.376278 0.260920 0.305612 0.014003 1174638.718904 1270750.245635 96111.526731 120.183288 97.334487 1.590458 98.924945 16470.849138 14062.197871 0.479763 0.274159 1357.434138 1.768795 998.043852 5.500119 4.425996 0.648776 0.119607 4.338809 21.970177 0.215969 0.003798 
MP85 85.182085 0.270819 0.317930 0.013993 1174722.763903 1270834.451710 96111.687807 120.191953 95.044836 1.593858 96.638694 16460.279117 14021.208889 0.489663 0.273954 1385.497638 1.767537 998.041330 4.499958 5.192659 0.650163 0.117101 4.165131 21.981348 0.220426 0.003795 
MP86 84.832553 0.272956 0.321759 0.014018 1174830.566833 1270943.411179 96112.844346 120.203872 92.879728 1.601116 94.480844 16490.469837 13989.286643 0.499682 0.274416 1413.914622 1.770609 998.038419 4.499958 4.971863 0.653124 0.114947 3.999770 21.994253 0.224936 0.003802 
MP87 84.703260 0.268484 0.316971 0.013997 1174733.993868 1270845.548887 96111.555019 120.194348 90.720843 1.607438 92.328282 16464.988953 13946.382345 0.509783 0.274027 1442.441459 1.768025 998.031682 4.499958 4.751701 0.655702 0.112510 3.842839 22.023733 0.229483 0.003796 
MP88 84.334655 0.269731 0.319834 0.013987 1174750.977656 1270862.795819 96111.818163 120.195767 88.512065 1.608111 90.120176 16453.516166 13876.016076 0.519636 0.273831 1470.327721 1.766770 998.032439 4.499958 4.526451 0.655977 0.110297 3.698505 22.020429 0.233918 0.003794 
MP89 82.273254 0.359501 0.436960 0.011036 1175610.745676 1271719.216725 96108.471049 120.222644 67.807974 1.572457 69.380431 12984.845706 10683.055093 0.519597 0.216029 1470.380914 1.393984 998.039867 1.500054 5.414964 0.641433 0.087022 3.700917 21.988655 0.233901 0.002993 
MP90 82.810235 0.322505 0.389451 0.011007 1175639.173835 1271743.847275 96104.673440 120.225083 69.430502 1.573895 71.004397 12951.320111 10725.018644 0.509702 0.215464 1442.394960 1.390357 998.039456 2.499925 4.580557 0.642020 0.088479 3.846018 21.990483 0.229446 0.002985 
MP91 83.471744 0.324447 0.388690 0.011004 1175408.093139 1271511.282196 96103.189057 120.201075 71.372305 1.572787 72.945091 12944.663631 10805.136501 0.499898 0.215418 1414.508519 1.389917 998.042232 2.499925 4.778581 0.641567 0.090195 3.998361 21.978049 0.225033 0.002984 
MP92 83.653881 0.325740 0.389390 0.011014 1175423.778927 1271524.189300 96100.410373 120.202966 73.145879 1.570684 74.716563 12956.932678 10838.977084 0.489570 0.215617 1385.296682 1.391213 998.041362 2.499925 4.959449 0.640710 0.092183 4.168825 21.981884 0.220384 0.002987 
MP93 83.852589 0.317077 0.378136 0.010998 1175539.846414 1271637.823415 96097.977001 120.214607 74.789216 1.557334 76.346550 12939.219001 10849.870182 0.479576 0.215291 1357.083299 1.389178 998.040778 2.499925 5.127036 0.635264 0.093962 4.344396 21.984560 0.215885 0.002983 
MP94 83.643184 0.311278 0.372150 0.011039 1175552.308967 1271648.411474 96096.102506 120.216529 76.494890 1.545061 78.039952 12988.137858 10863.692042 0.469764 0.216099 1329.327030 1.394406 998.041557 2.499925 5.300980 0.630258 0.096285 4.527756 21.981148 0.211468 0.002994 
MP95 83.872047 0.310787 0.370548 0.011019 1175546.048572 1271641.004873 96094.956301 120.216124 78.259145 1.535135 79.794280 12964.520596 10873.608799 0.459856 0.215709 1301.287701 1.391882 998.036628 3.500087 4.480735 0.626209 0.098181 4.724979 22.002795 0.207008 0.002989 
MP96 83.651702 0.312247 0.373271 0.011026 1175620.832275 1271715.647917 96094.815642 120.223428 79.936542 1.519497 81.456039 12972.816445 10851.981781 0.449565 0.215826 1272.205152 1.392683 998.040374 3.500087 4.651795 0.619830 0.100483 4.943770 21.986413 0.202375 0.002990 
MP97 83.460869 0.298731 0.357930 0.011016 1175576.983894 1271671.524800 96094.540906 120.218743 81.489393 1.503819 82.993213 12960.354125 10816.824238 0.439817 0.215631 1244.596507 1.391399 998.040565 3.500087 4.810154 0.613435 0.102618 5.165342 21.985527 0.197987 0.002987 
MP98 83.368526 0.296641 0.355819 0.010994 1175556.338581 1271652.179271 96095.840690 120.216585 83.173726 1.495419 84.669145 12935.062004 10783.770584 0.429798 0.215217 1216.233183 1.388713 998.037801 3.500087 4.981921 0.610008 0.104808 5.408989 21.997655 0.193477 0.002982 
MP99 82.921925 0.282796 0.341038 0.011026 1175551.895674 1271646.368114 96094.472440 120.216482 85.015867 1.480490 86.496357 12971.856588 10756.513168 0.419655 0.215829 1187.531336 1.392662 998.039536 3.500087 5.169782 0.603918 0.107646 5.673581 21.990024 0.188911 0.002990 
