MP_Name eta e.eta f.eta Q_A p_Duese_rel p_Duese_abs p_amb H_tot M_Generator M_Lager M_mech P_hyd P_mech ku kcm n_rpm v_ME rho Masse_Aufgelegt Masse_Generator_Sensor Masse_Lager_Sensor phi psi T_Water n_ED Q_ED 
[] [%] [%] [%] [m^3/s] [Pa(r)] [Pa(a)] [Pa(a)] [m] [Nm] [Nm] [Nm] [W] [W] [-] [-] [rpm] [m/s] [kg/m^3] [kg] [kg] [kg] [-] [-] [°C] [-] [-] 
MP01 85.815528 0.174241 0.203041 0.035075 1166449.524121 1264456.991671 98007.467550 120.122916 228.066432 1.874730 229.941162 41257.506890 35405.347477 0.519805 0.686878 1470.359465 4.430432 998.587946 18.999977 4.258106 0.764735 0.276581 3.670168 19.427432 0.233994 0.009516 
MP02 86.422727 0.175720 0.203326 0.035046 1166313.652445 1264328.298940 98014.646495 120.107341 233.924772 1.910260 235.835032 41218.006137 35621.725015 0.509944 0.686354 1442.374417 4.426762 998.588303 18.999977 4.855536 0.779229 0.281713 3.813522 19.425519 0.229556 0.009509 
MP03 86.948279 0.181078 0.208259 0.035067 1166379.227125 1264396.569177 98017.342052 120.115433 240.211216 1.904102 242.115318 41245.196132 35861.988185 0.500050 0.686738 1414.436576 4.429392 998.586559 20.000139 4.496462 0.776717 0.287448 3.965888 19.434267 0.225102 0.009514 
MP04 87.271541 0.176714 0.202487 0.035038 1166313.440743 1264331.835623 98018.394881 120.107070 245.994266 1.909015 247.903281 41207.561023 35962.473539 0.489761 0.686183 1385.283505 4.425660 998.586219 20.000139 5.086214 0.778721 0.293250 4.134336 19.435886 0.220470 0.009507 
MP05 87.441728 0.171844 0.196524 0.035071 1166209.446446 1264230.757958 98021.311512 120.098309 251.844019 1.903546 253.747564 41244.324564 36064.750267 0.479859 0.686870 1357.226807 4.429929 998.586791 21.000010 4.682897 0.776490 0.299601 4.306647 19.432933 0.216012 0.009516 
MP06 87.566129 0.172703 0.197225 0.035081 1166215.891819 1264238.217898 98022.326079 120.099691 257.702051 1.898524 259.600575 41256.470871 36126.694400 0.469843 0.687062 1328.905069 4.431188 998.585494 21.999881 4.280425 0.774441 0.306073 4.492201 19.439385 0.211504 0.009519 
MP07 87.684166 0.174895 0.199461 0.035041 1166046.581364 1264072.970306 98026.388943 120.080254 263.316057 1.897867 265.213924 41202.515083 36128.081750 0.459953 0.686331 1300.828261 4.426114 998.584282 21.999881 4.852938 0.774174 0.312321 4.687536 19.445221 0.207052 0.009509 
MP08 87.473108 0.175672 0.200830 0.035026 1166159.689432 1264189.938192 98030.248760 120.090983 268.479239 1.894502 270.373741 41187.929791 36028.362232 0.449910 0.685996 1272.481254 4.424155 998.583757 23.000042 4.379315 0.772801 0.319138 4.899188 19.447969 0.202531 0.009504 
MP09 87.001935 0.171788 0.197454 0.035055 1166020.087358 1264051.314004 98031.226645 120.078465 273.322038 1.893815 275.215853 41218.132631 35860.572882 0.439959 0.686607 1244.271515 4.427863 998.583211 23.000042 4.873181 0.772521 0.326647 5.123241 19.450521 0.198051 0.009513 
MP10 86.625769 0.177748 0.205191 0.035024 1166055.414133 1264088.369191 98032.955057 120.080400 278.119166 1.904228 280.023393 41182.421031 35674.589015 0.430160 0.685996 1216.567041 4.423959 998.582464 23.999914 4.362517 0.776768 0.333791 5.359404 19.454276 0.193640 0.009504 
MP11 85.876072 0.167354 0.194878 0.035064 1166034.016398 1264068.940505 98034.924108 120.080462 283.119339 1.887258 285.006597 41229.226011 35406.040003 0.419457 0.686775 1186.298071 4.428983 998.582640 23.999914 4.872432 0.769846 0.342696 5.636285 19.453383 0.188822 0.009515 
MP12 86.525836 0.171915 0.198686 0.032060 1167912.496953 1265951.300979 98038.804026 120.108066 260.434213 1.834149 262.268362 37705.491542 32624.991729 0.419971 0.627861 1187.889076 4.049515 998.584176 21.999881 4.559049 0.748182 0.312915 5.630244 19.447895 0.189053 0.008699 
MP13 87.104799 0.178025 0.204380 0.032050 1168050.193485 1266094.876472 98044.682988 120.121627 255.928835 1.848194 257.777029 37698.025816 32836.789570 0.430038 0.627630 1216.432060 4.048256 998.584024 21.999881 4.099593 0.753911 0.305478 5.369756 19.448818 0.193585 0.008695 
MP14 87.596409 0.178191 0.203422 0.032028 1167859.087207 1265904.809124 98045.721917 120.100995 251.330606 1.835803 253.166409 37665.881464 32993.959766 0.440003 0.627257 1244.513867 4.045500 998.583835 21.000010 4.630540 0.748857 0.298381 5.129320 19.449544 0.198071 0.008690 
MP15 87.957259 0.176153 0.200271 0.032045 1168140.597582 1266191.258572 98050.660990 120.130661 246.993783 1.828033 248.821817 37695.050729 33155.533372 0.449823 0.627510 1272.444780 4.047635 998.583532 21.000010 4.188273 0.745687 0.291986 4.907792 19.451381 0.202491 0.008694 
MP16 88.198705 0.179278 0.203266 0.032046 1167991.417374 1266043.088625 98051.671251 120.115558 242.145800 1.826240 243.972040 37691.946353 33243.808634 0.460015 0.627577 1301.194140 4.047812 998.583043 20.000139 4.693749 0.744955 0.285547 4.692720 19.453641 0.207080 0.008695 
MP17 88.176200 0.181117 0.205403 0.032049 1167728.426768 1265779.099802 98050.673035 120.088890 236.835362 1.821989 238.657351 37686.664944 33230.669176 0.470126 0.627699 1329.644842 4.048145 998.582604 20.000139 4.152194 0.743222 0.279460 4.493036 19.455520 0.211631 0.008696 
MP18 88.016711 0.180631 0.205223 0.032041 1167718.020986 1265765.874708 98047.853722 120.087394 231.535695 1.820303 233.355999 37677.348878 33162.363227 0.479820 0.627555 1357.056360 4.047194 998.582951 18.999977 4.611899 0.742534 0.273751 4.313318 19.453780 0.215995 0.008694 
MP19 87.934263 0.178175 0.202623 0.032037 1167865.467027 1265911.271309 98045.804282 120.102262 226.577629 1.817933 228.395562 37677.223759 33131.188888 0.489750 0.627437 1385.226343 4.046680 998.582765 18.999977 4.106278 0.741567 0.268150 4.140193 19.454867 0.220465 0.008693 
MP20 87.599046 0.181280 0.206943 0.032046 1167729.128225 1265776.512051 98047.383826 120.088800 221.026169 1.813501 222.839670 37683.031079 33009.975620 0.500152 0.627639 1414.568810 4.047758 998.582622 18.000106 4.540015 0.739759 0.262657 3.969751 19.455424 0.225148 0.008696 
MP21 87.114360 0.183181 0.210276 0.032031 1167764.136547 1265811.726028 98047.589481 120.091567 215.432167 1.809767 217.241934 37666.363271 32812.811482 0.509970 0.627339 1442.351681 4.045873 998.582874 18.000106 3.969542 0.738236 0.257478 3.818406 19.454215 0.229567 0.008691 
MP22 86.583849 0.184608 0.213213 0.032032 1167707.391446 1265755.182399 98047.790953 120.085870 209.951589 1.804132 211.755720 37666.053316 32612.718718 0.520004 0.627379 1470.697097 4.046033 998.582607 16.999945 4.410796 0.735937 0.252526 3.672459 19.455474 0.234084 0.008692 
MP23 87.112178 0.188387 0.216258 0.029064 1169047.635884 1267095.975565 98048.339681 120.075211 191.550373 1.771581 193.321954 34173.027374 29768.868507 0.519943 0.569274 1470.457692 3.671143 998.582714 14.999912 4.534284 0.722659 0.229165 3.677871 19.456466 0.234056 0.007887 
MP24 87.752772 0.187166 0.213288 0.029055 1169160.101464 1267210.271198 98050.169734 120.086190 196.692311 1.770906 198.463218 34165.506065 29981.178688 0.510062 0.569070 1442.580498 3.669997 998.583361 16.000073 4.058495 0.722384 0.233520 3.821756 19.453385 0.229609 0.007884 
MP25 88.296884 0.188269 0.213223 0.029038 1169073.126321 1267124.830460 98051.704139 120.076647 201.752663 1.768601 203.521263 34142.565572 30146.821494 0.500154 0.568756 1414.500553 3.667829 998.582100 16.000073 4.574547 0.721444 0.238015 3.974706 19.459549 0.225148 0.007880 
MP26 88.537068 0.188651 0.213076 0.029036 1169077.115332 1267127.085392 98049.970060 120.077077 206.583357 1.770304 208.353661 34139.754461 30226.337638 0.489841 0.568707 1385.338093 3.667518 998.580934 16.000073 5.067178 0.722138 0.243005 4.143828 19.465333 0.220506 0.007879 
MP27 88.584170 0.186828 0.210905 0.029052 1168905.220652 1266954.643156 98049.422504 120.060285 211.100092 1.760387 212.860479 34154.735867 30255.689238 0.479969 0.569076 1357.323595 3.669640 998.581195 16.999945 4.527920 0.718093 0.248164 4.316010 19.463846 0.216062 0.007884 
MP28 88.746156 0.183451 0.206714 0.029050 1169061.547524 1267111.470861 98049.923337 120.076142 215.949392 1.771336 217.720727 34157.120888 30313.131707 0.470114 0.569003 1329.543074 3.669410 998.581385 18.000106 4.022288 0.722559 0.253334 4.498860 19.463081 0.211626 0.007883 
MP29 88.758774 0.185125 0.208571 0.029056 1168931.536066 1266978.837035 98047.300970 120.063177 220.701956 1.769984 222.471940 34160.019322 30320.014465 0.460204 0.569144 1301.444175 3.670120 998.580990 18.000106 4.506952 0.722008 0.258853 4.694702 19.464886 0.207165 0.007885 
MP30 88.520925 0.186163 0.210304 0.029066 1168990.761884 1267038.775428 98048.013543 120.069695 225.214950 1.763150 226.978100 34173.721495 30250.894502 0.450027 0.569325 1272.698836 3.671392 998.581044 18.000106 4.967184 0.719220 0.264792 4.909416 19.464688 0.202583 0.007888 
MP31 88.090943 0.184354 0.209277 0.029047 1168882.487835 1266930.850609 98048.362774 120.057658 229.080318 1.764130 230.844448 34147.933810 30081.236839 0.440030 0.568981 1244.364568 3.668987 998.581708 18.999977 4.361501 0.719620 0.270644 5.135058 19.461269 0.198083 0.007883 
MP32 87.689347 0.182224 0.207806 0.029049 1168990.583292 1267037.341633 98046.758341 120.068683 233.333348 1.776012 235.109360 34153.198148 29948.716332 0.430125 0.568990 1216.409140 3.669213 998.582536 18.999977 4.795223 0.724467 0.276880 5.374290 19.457282 0.193624 0.007883 
MP33 87.116563 0.180636 0.207350 0.029042 1168863.653917 1266910.857016 98047.203099 120.055836 237.478962 1.759131 239.238093 34141.402768 29742.816778 0.419818 0.568887 1187.197973 3.668352 998.578875 20.000139 4.217828 0.717580 0.283627 5.641422 19.475301 0.188985 0.007882 
MP34 87.435181 0.181357 0.207419 0.026069 1170942.081022 1268989.593441 98047.512419 120.134647 213.874993 1.701720 215.576712 30666.073540 26812.937001 0.419865 0.510475 1187.719607 3.292776 998.580035 16.999945 4.810903 0.694162 0.254476 5.646483 19.471904 0.189006 0.007072 
MP35 87.918865 0.184716 0.210098 0.026070 1170875.814808 1268923.894487 98048.079679 120.127844 209.957016 1.715354 211.672369 30665.548489 26960.802211 0.429980 0.510509 1216.298081 3.292904 998.580686 16.999945 4.411350 0.699723 0.248507 5.383950 19.468602 0.193559 0.007073 
MP36 88.407171 0.192799 0.218081 0.026077 1170877.046569 1268924.096990 98047.050421 120.128623 206.380400 1.695067 208.075467 30674.166406 27118.162702 0.439964 0.510649 1244.545464 3.293818 998.577792 16.999945 4.046609 0.691448 0.242934 5.142345 19.482950 0.198053 0.007075 
MP37 88.758338 0.192957 0.217396 0.026070 1170925.018348 1268972.884045 98047.865697 120.133211 202.594495 1.689735 204.284229 30666.830067 27219.368638 0.449793 0.510498 1272.373423 3.292904 998.577829 16.000073 4.660396 0.689273 0.237555 4.920071 19.482823 0.202478 0.007073 
MP38 89.045148 0.194655 0.218603 0.026056 1170701.496170 1268746.314606 98044.818437 120.110122 198.577826 1.681866 200.259692 30644.881721 27287.780188 0.460030 0.510281 1301.205970 3.291189 998.575204 16.000073 4.250779 0.686063 0.232170 4.703560 19.495569 0.207086 0.007070 
MP39 88.964337 0.194542 0.218674 0.026076 1170941.425363 1268983.433022 98042.007659 120.135101 194.349308 1.679425 196.028732 30674.969138 27289.782915 0.469944 0.510621 1329.387930 3.293725 998.578339 14.999912 4.819718 0.685067 0.227423 4.507160 19.480302 0.211549 0.007074 
MP40 88.901583 0.191073 0.214927 0.026059 1170870.167125 1268909.161011 98038.993885 120.127134 190.052913 1.680969 191.733882 30652.333757 27250.409950 0.479794 0.510295 1357.205333 3.291514 998.577898 14.999912 4.381574 0.685697 0.222612 4.324033 19.482399 0.215983 0.007070 
MP41 88.966960 0.196340 0.220689 0.026050 1170904.024654 1268940.360460 98036.335806 120.130263 186.235978 1.678462 187.914441 30643.209982 27262.332303 0.489754 0.510124 1385.396972 3.290449 998.577660 14.000041 4.992196 0.684674 0.218012 4.149964 19.483611 0.220467 0.007067 
MP42 88.601227 0.198027 0.223503 0.026065 1170948.841695 1268982.273729 98033.432034 120.135593 181.725946 1.672931 183.398877 30661.989899 27166.899286 0.500044 0.510403 1414.538536 3.292323 998.576624 14.000041 4.532266 0.682418 0.213642 3.980891 19.488791 0.225099 0.007071 
MP43 88.166106 0.197119 0.223577 0.026051 1170821.058090 1268851.219279 98030.161189 120.121738 177.179446 1.668808 178.848254 30642.472845 27016.275238 0.509954 0.510165 1442.487806 3.290601 998.578521 14.000041 4.068616 0.680736 0.209393 3.827695 19.479235 0.229560 0.007068 
MP44 87.465819 0.193911 0.221700 0.026075 1170922.301576 1268952.507928 98030.206352 120.133235 172.615697 1.657697 174.273394 30672.959059 26828.354957 0.519676 0.510600 1470.057552 3.293564 998.577163 12.999879 4.603370 0.676204 0.205651 3.685795 19.486082 0.233936 0.007074 
MP45 87.761311 0.208584 0.237671 0.023025 1172092.970487 1270122.756813 98029.786327 120.130874 152.770508 1.618835 154.389343 27084.982579 23770.135839 0.519742 0.450886 1470.231508 2.908353 998.577982 11.000137 4.579311 0.660351 0.181577 3.688604 19.483346 0.233966 0.006247 
MP46 88.359409 0.208089 0.235503 0.023042 1172126.583926 1270156.083906 98029.499980 120.134819 156.919735 1.609230 158.528965 27105.026646 23949.841416 0.509989 0.451197 1442.664679 2.910408 998.578800 12.000008 4.002576 0.656433 0.185177 3.831023 19.479330 0.229576 0.006251 
MP47 88.653192 0.209324 0.236115 0.023068 1172042.205191 1270067.603621 98025.398430 120.127175 160.792471 1.600367 162.392838 27134.977896 24056.023953 0.500078 0.451738 1414.582752 2.913808 998.579104 12.000008 4.397515 0.652818 0.189074 3.984349 19.477716 0.225114 0.006259 
MP48 89.088079 0.207592 0.233019 0.023046 1172162.511604 1270181.604779 98019.093175 120.138765 164.873588 1.598034 166.471621 27110.743257 24152.440350 0.489756 0.451270 1385.454256 2.910929 998.577775 12.000008 4.813705 0.651866 0.192858 4.154081 19.484427 0.220468 0.006252 
MP49 89.073639 0.205069 0.230224 0.023050 1172098.315279 1270117.157145 98018.841866 120.132405 168.317045 1.603317 169.920362 27114.450648 24151.828000 0.479817 0.451368 1357.300364 2.911482 998.577511 12.999879 4.164996 0.654021 0.196896 4.327965 19.485664 0.215993 0.006253 
MP50 89.103678 0.202198 0.226924 0.023053 1172036.660531 1270054.204507 98017.543976 120.126288 171.980616 1.598548 173.579165 27117.131690 24162.361813 0.469920 0.451447 1329.269902 2.911919 998.577099 12.999879 4.538605 0.652076 0.201078 4.512182 19.487632 0.211538 0.006255 
MP51 89.117694 0.201261 0.225837 0.023057 1172044.232267 1270055.572440 98011.340173 120.127116 175.810705 1.581250 177.391955 27121.668311 24170.205396 0.459967 0.451518 1301.121352 2.912384 998.577793 12.999879 4.929195 0.645020 0.205461 4.709555 19.484188 0.207058 0.006256 
MP52 88.853769 0.202498 0.227900 0.023059 1172103.085026 1270112.242036 98009.157009 120.133064 179.301294 1.582523 180.883818 27125.588126 24102.107499 0.449806 0.451549 1272.408863 2.912657 998.578993 14.000041 4.285001 0.645539 0.210117 4.924741 19.478303 0.202484 0.006256 
MP53 88.523027 0.203255 0.229607 0.023024 1172056.611984 1270063.000471 98006.388487 120.127037 182.411726 1.578965 183.990691 27083.113918 23974.792158 0.439885 0.450876 1244.315130 2.908243 998.578745 14.000041 4.602201 0.644088 0.214536 5.149427 19.479469 0.198018 0.006247 
MP54 88.135438 0.193863 0.219961 0.023055 1171983.986390 1269988.716139 98004.729749 120.120923 186.050072 1.592125 187.642197 27117.568025 23900.187268 0.429994 0.451484 1216.304117 2.912095 998.577418 14.000041 4.973238 0.649456 0.219767 5.389009 19.485965 0.193565 0.006255 
MP55 87.690375 0.192181 0.219158 0.023042 1172014.505522 1270019.224271 98004.718748 120.123901 189.407996 1.578967 190.986962 27103.254868 23766.945833 0.420103 0.451231 1188.340878 2.910494 998.574604 14.999912 4.315806 0.644088 0.224815 5.645778 19.499938 0.189113 0.006252 
MP56 87.663385 0.205340 0.234237 0.020019 1173291.697183 1271290.339624 97998.642441 120.148203 164.422186 1.519993 165.942179 23552.604635 20647.010490 0.419994 0.391998 1188.151365 2.528690 998.576610 12.000008 4.767671 0.620032 0.195354 5.653722 19.491435 0.189064 0.005431 
MP57 88.107683 0.210685 0.239122 0.020003 1173209.212119 1271208.571933 97999.359814 120.139466 161.253555 1.517992 162.771547 23531.377017 20732.950975 0.429973 0.391688 1216.337264 2.526599 998.574734 12.000008 4.444536 0.619216 0.190670 5.394364 19.500638 0.193556 0.005427 
MP58 88.321460 0.214744 0.243140 0.020019 1173259.059822 1271258.110403 97999.050581 120.145116 158.123198 1.513283 159.636481 23550.977544 20800.567095 0.439836 0.391987 1244.269374 2.528586 998.574338 12.000008 4.125304 0.617295 0.186536 5.155111 19.502650 0.197996 0.005431 
MP59 88.787947 0.217722 0.245216 0.020024 1173266.517353 1271263.864377 97997.347024 120.146118 155.486556 1.504681 156.991237 23557.854864 20916.535732 0.449739 0.392096 1272.288871 2.529304 998.573879 11.000137 4.856292 0.613786 0.182480 4.930584 19.504930 0.202454 0.005432 
MP60 88.987793 0.217097 0.243962 0.020023 1173274.215930 1271272.295214 97998.079284 120.147074 152.256419 1.502683 153.759103 23556.624472 20962.520269 0.460200 0.392072 1301.889253 2.529156 998.572141 11.000137 4.526884 0.612971 0.178320 4.708964 19.513545 0.207163 0.005432 
MP61 89.043292 0.220441 0.247566 0.020021 1173104.819494 1271102.185246 97997.365753 120.129573 149.136489 1.504502 150.640991 23551.233837 20970.793886 0.469946 0.392067 1329.361479 2.528943 998.573360 9.999975 5.208878 0.613713 0.174620 4.515689 19.507316 0.211550 0.005432 
MP62 89.007317 0.216208 0.242910 0.020017 1173194.329056 1271191.851291 97997.522234 120.138242 145.934115 1.511195 147.445311 23547.958826 20959.406401 0.479853 0.391969 1357.436104 2.528402 998.576134 9.999975 4.882302 0.616443 0.170972 4.331151 19.493679 0.216010 0.005430 
MP63 88.868166 0.222736 0.250636 0.020023 1173269.508044 1271265.392379 97995.884335 120.146436 142.789326 1.517091 144.306418 23556.251231 20934.008390 0.489680 0.392068 1385.281803 2.529126 998.573395 9.999975 4.561598 0.618848 0.167584 4.159057 19.507328 0.220433 0.005432 
MP64 88.535490 0.232579 0.262696 0.020017 1172316.125933 1270311.580340 97995.454407 120.048647 139.158541 1.501986 140.660527 23530.102146 20832.491162 0.500140 0.392111 1414.296115 2.528372 998.575310 9.999975 4.191332 0.612686 0.164097 3.986911 19.496761 0.225142 0.005432 
MP65 88.100364 0.223718 0.253936 0.020020 1172380.837018 1270375.834257 97994.997239 120.055515 135.795476 1.502890 137.298367 23535.397349 20734.770696 0.509969 0.392166 1442.132776 2.528799 998.574070 9.000104 4.848240 0.613056 0.160956 3.834699 19.502976 0.229567 0.005433 
MP66 87.607125 0.226158 0.258150 0.020015 1172382.750946 1270378.161579 97995.410633 120.055498 132.385087 1.502169 133.887256 23529.591386 20613.598425 0.519906 0.392069 1470.232275 2.528175 998.574492 9.000104 4.500450 0.612761 0.157841 3.689525 19.500888 0.234040 0.005432 
MP67 87.155999 0.248892 0.285571 0.017027 1173595.642741 1271588.800383 97993.157641 120.089562 111.870055 1.443171 113.313226 20021.717364 17450.127715 0.519956 0.333477 1470.582480 2.150660 998.572315 7.000071 4.408372 0.588695 0.134240 3.691591 19.513033 0.234062 0.004620 
MP68 87.657206 0.248597 0.283601 0.017024 1173595.917919 1271586.790110 97990.872191 120.089458 114.733793 1.447034 116.180827 20018.832759 17547.949510 0.509965 0.333429 1442.325537 2.150351 998.572850 7.000071 4.700415 0.590271 0.136850 3.837652 19.510380 0.229565 0.004619 
MP69 88.209052 0.251229 0.284810 0.017024 1173696.839892 1271683.970634 97987.130742 120.099682 117.794224 1.456984 119.251208 20020.000137 17659.452348 0.499971 0.333406 1414.118570 2.150292 998.573430 7.999943 4.012644 0.594330 0.139576 3.992617 19.507616 0.225066 0.004619 
MP70 88.395675 0.239892 0.271385 0.017025 1173633.875383 1271620.869527 97986.994144 120.093393 120.554276 1.446359 122.000635 20020.748078 17697.475306 0.489768 0.333445 1385.225909 2.150487 998.572609 7.999943 4.294112 0.589996 0.142500 4.160688 19.511608 0.220473 0.004620 
MP71 88.579712 0.239226 0.270069 0.017017 1173625.735241 1271615.451709 97989.716467 120.092820 123.275109 1.441763 124.716872 20010.837075 17725.541780 0.479862 0.333283 1357.205743 2.149441 998.568545 7.999943 4.571581 0.588121 0.145371 4.334248 19.531708 0.216014 0.004617 
MP72 88.510104 0.239963 0.271113 0.017033 1173614.777194 1271606.342764 97991.565570 120.092150 125.917686 1.439695 127.357381 20029.037591 17727.722023 0.469973 0.333589 1329.230188 2.151408 998.568400 7.999943 4.841070 0.587277 0.148567 4.518567 19.532419 0.211562 0.004622 
MP73 88.548119 0.244561 0.276189 0.017019 1173680.158574 1271674.158504 97993.999929 120.098129 128.621021 1.437976 130.058997 20013.620152 17721.684155 0.460042 0.333307 1301.175790 2.149640 998.570985 9.000104 4.116593 0.586576 0.151645 4.715766 19.519712 0.207092 0.004618 
MP74 88.280126 0.242641 0.274854 0.017029 1173714.122761 1271709.253790 97995.131028 120.102474 131.265829 1.425156 132.690985 20025.934254 17678.920018 0.449821 0.333495 1272.288774 2.150895 998.565976 9.000104 4.386309 0.581346 0.155179 4.932505 19.544519 0.202490 0.004620 
MP75 88.039403 0.238942 0.271404 0.017004 1173686.750041 1271679.731790 97992.981749 120.099090 133.684963 1.420904 135.105868 19996.603034 17604.889858 0.439937 0.333021 1244.315420 2.147807 998.565242 9.000104 4.633011 0.579612 0.158440 5.156656 19.548111 0.198041 0.004614 
MP76 87.759188 0.226665 0.258281 0.017008 1173601.127098 1271594.129944 97993.002847 120.090226 136.376931 1.426704 137.803636 20000.033655 17551.867207 0.430041 0.333115 1216.281303 2.148330 998.567191 9.999975 3.907665 0.581978 0.162131 5.396703 19.538383 0.193586 0.004615 
MP77 87.112058 0.222496 0.255413 0.017028 1173619.135242 1271612.493669 97993.358428 120.091916 138.924644 1.415685 140.340329 20023.584709 17442.956784 0.419645 0.333498 1186.885972 2.150817 998.572974 9.999975 4.167480 0.577483 0.166339 5.667385 19.509799 0.188906 0.004620 
MP78 86.643733 0.254383 0.293596 0.013992 1174329.153568 1272323.602203 97994.448635 120.088573 113.194208 1.355404 114.549612 16452.820994 14255.338313 0.420179 0.274039 1188.379872 1.767327 998.566635 7.000071 4.543409 0.552893 0.136509 5.656601 19.541957 0.189147 0.003797 
MP79 87.012258 0.256382 0.294650 0.013989 1174411.446648 1272405.410854 97993.964206 120.097032 111.006595 1.364870 112.371465 16451.167893 14314.532678 0.430087 0.273983 1216.445102 1.767026 998.565724 7.000071 4.320317 0.556754 0.133337 5.398983 19.546548 0.193607 0.003796 
MP80 87.255521 0.266299 0.305194 0.014000 1174265.013687 1272259.539205 97994.525518 120.082249 108.870342 1.363707 110.234049 16461.382564 14363.465089 0.439952 0.274203 1244.270616 1.768340 998.566269 5.999910 5.102624 0.556280 0.130452 5.159563 19.543690 0.198048 0.003799 
MP81 87.661207 0.273613 0.312125 0.013981 1174382.171148 1272378.046646 97995.875498 120.093898 106.803793 1.357098 108.160891 16441.078089 14412.447577 0.449892 0.273826 1272.444552 1.765989 998.565367 5.999910 4.891879 0.553584 0.127394 4.934107 19.548282 0.202522 0.003794 
MP82 87.446585 0.272234 0.311314 0.014017 1174385.317560 1272377.514640 97992.197079 120.094578 104.417064 1.368794 105.785858 16483.807034 14414.526305 0.460057 0.274534 1301.200270 1.770562 998.569250 5.999910 4.648482 0.558355 0.124901 4.718430 19.529085 0.207099 0.003804 
MP83 87.602537 0.268839 0.306885 0.013997 1174331.156606 1272324.019486 97992.862880 120.088395 102.226965 1.369456 103.596422 16459.089634 14418.580147 0.469925 0.274143 1329.073881 1.767995 998.570817 5.999910 4.425137 0.558625 0.122104 4.522378 19.521277 0.211540 0.003798 
MP84 87.442935 0.269172 0.307826 0.014015 1174426.035335 1272413.511030 97987.475695 120.098332 100.024274 1.375599 101.399873 16481.293250 14411.726546 0.479856 0.274478 1357.219166 1.770232 998.572116 5.999910 4.200507 0.561131 0.119723 4.337102 19.514945 0.216011 0.003803 
MP85 87.380785 0.280334 0.320818 0.013996 1174296.392745 1272284.605352 97988.212607 120.084559 97.749495 1.378420 99.127915 16457.396131 14380.601949 0.489822 0.274127 1385.327564 1.767866 998.573007 5.000039 4.968398 0.562282 0.117138 4.162424 19.510389 0.220497 0.003798 
MP86 87.004940 0.282333 0.324502 0.013996 1174281.828122 1272270.706980 97988.878858 120.083744 95.274997 1.376675 96.651672 16456.904791 14318.320191 0.500198 0.274123 1414.666540 1.767835 998.567362 5.000039 4.716050 0.561570 0.114706 3.991537 19.538295 0.225168 0.003798 
MP87 86.688554 0.280401 0.323458 0.014004 1174403.946775 1272392.964876 97989.018101 120.096783 93.124905 1.389282 94.514187 16467.945182 14275.823555 0.509964 0.274264 1442.366248 1.768835 998.564137 5.000039 4.496785 0.566713 0.112567 3.840111 19.554366 0.229564 0.003800 
MP88 86.192793 0.281293 0.326353 0.013991 1174447.142026 1272435.096150 97987.954124 120.101239 90.707151 1.401852 92.109003 16453.542569 14181.767929 0.519823 0.274009 1470.278726 1.767227 998.561353 5.000039 4.250224 0.571840 0.110330 3.695836 19.568155 0.234003 0.003796 
MP89 84.289396 0.343057 0.406999 0.011014 1175117.610355 1273104.793654 97987.183299 120.109040 69.533809 1.379407 70.913216 12953.094711 10918.085268 0.519795 0.215693 1470.248278 1.391163 998.562253 2.000135 5.090883 0.562685 0.086853 3.698096 19.564470 0.233990 0.002988 
MP90 85.013151 0.329717 0.387843 0.011003 1175323.020948 1273307.239940 97984.218991 120.129866 71.478296 1.370057 72.848353 12942.452227 11002.786481 0.509869 0.215460 1442.295768 1.389779 998.561882 3.000006 4.289309 0.558871 0.088449 3.843501 19.566525 0.229522 0.002985 
MP91 85.644585 0.334791 0.390908 0.011008 1175168.713099 1273151.602502 97982.889403 120.113884 73.499436 1.369945 74.869382 12946.494368 11087.971404 0.499980 0.215570 1414.227352 1.390395 998.564460 3.000006 4.495424 0.558825 0.090244 3.997045 19.553621 0.225070 0.002987 
MP92 85.362767 0.329626 0.386148 0.011032 1175304.795222 1273284.601160 97979.805939 120.128213 75.004388 1.357802 76.362189 12976.412069 11077.024400 0.489692 0.216029 1385.211610 1.393441 998.564475 3.000006 4.648898 0.553871 0.092336 4.166731 19.553695 0.220439 0.002993 
MP93 85.736031 0.329190 0.383957 0.011021 1175251.754176 1273229.397834 97977.643658 120.122460 76.815005 1.361921 78.176926 12963.288064 11114.208705 0.479942 0.215826 1357.598468 1.392097 998.565681 3.000006 4.833544 0.555552 0.094123 4.337754 19.547672 0.216050 0.002990 
MP94 86.035702 0.319067 0.370854 0.011028 1175118.216173 1273093.382439 97975.166266 120.109391 78.795337 1.349546 80.144884 12970.292691 11159.082410 0.470073 0.215979 1329.609363 1.393006 998.562025 3.000006 5.035497 0.550504 0.096167 4.521804 19.565568 0.211607 0.002992 
MP95 86.084280 0.327380 0.380302 0.011014 1175184.802789 1273153.426086 97968.623297 120.115491 80.481605 1.352005 81.833610 12954.054993 11151.404936 0.460044 0.215691 1301.275513 1.391186 998.565698 3.999877 4.207590 0.551507 0.098133 4.721113 19.547490 0.207093 0.002988 
MP96 85.847706 0.324223 0.377673 0.011012 1175128.205765 1273096.077009 97967.871244 120.109553 82.125855 1.326161 83.452016 12951.689688 11118.728442 0.449811 0.215668 1272.300434 1.391000 998.566795 3.999877 4.375270 0.540964 0.100354 4.938353 19.542007 0.202486 0.002988 
MP97 85.779078 0.303803 0.354169 0.011022 1175133.683722 1273101.083797 97967.400075 120.110202 84.012145 1.315533 85.327678 12962.939097 11119.489607 0.439953 0.215853 1244.418064 1.392199 998.567462 3.999877 4.567633 0.536629 0.102691 5.162150 19.538717 0.198048 0.002991 
MP98 85.600888 0.298374 0.348564 0.011012 1175147.195163 1273114.800855 97967.605691 120.111416 85.738555 1.299347 87.037903 12951.044670 11086.209245 0.430015 0.215652 1216.314928 1.390908 998.567316 3.999877 4.743691 0.530027 0.104967 5.403513 19.539452 0.193575 0.002988 
MP99 85.369097 0.300655 0.352182 0.011017 1175292.706599 1273259.486416 97966.779817 120.126254 87.617913 1.302346 88.920260 12958.989120 11062.972021 0.420004 0.215744 1188.071213 1.391588 998.568311 3.999877 4.935347 0.531250 0.107515 5.664175 19.534696 0.189068 0.002989 
