MP_Name eta e.eta f.eta Q_A p_Duese_rel p_Duese_abs p_amb H_tot M_Generator M_Lager M_mech P_hyd P_mech ku kcm n_rpm v_ME rho Masse_Aufgelegt Masse_Generator_Sensor Masse_Lager_Sensor phi psi T_Water n_ED Q_ED 
[] [%] [%] [%] [m^3/s] [Pa(r)] [Pa(a)] [Pa(a)] [m] [Nm] [Nm] [Nm] [W] [W] [-] [-] [rpm] [m/s] [kg/m^3] [kg] [kg] [kg] [-] [-] [°C] [-] [-] 
MP01 84.446283 0.161411 0.191140 0.035032 1167052.417600 1262078.378039 95025.960439 120.149545 224.227512 1.919760 226.147272 41227.122587 34814.772435 0.519651 0.685957 1470.088868 4.424981 998.860158 18.999977 3.866615 0.783104 0.276291 3.672416 18.014988 0.233925 0.009504 
MP02 84.803142 0.160202 0.188911 0.035060 1166993.815168 1262017.448135 95023.632967 120.145350 229.624937 2.028913 231.653850 41258.634352 34988.618234 0.509841 0.686518 1442.310122 4.428525 998.858580 18.999977 4.417041 0.827629 0.281838 3.815053 18.023391 0.229509 0.009511 
MP03 85.172594 0.165003 0.193728 0.035050 1166954.725016 1261978.554809 95023.829793 120.140697 235.097110 2.098699 237.195810 41245.290611 35129.683846 0.499946 0.686336 1414.290456 4.427261 998.859346 20.000139 3.974928 0.856097 0.287340 3.967581 18.019226 0.225055 0.009509 
MP04 85.553665 0.160343 0.187418 0.035020 1166911.901013 1261939.024040 95027.123027 120.134414 240.911436 2.112500 243.023937 41207.185022 35254.257000 0.489700 0.685754 1385.268302 4.423396 998.860737 20.000139 4.567870 0.861726 0.293104 4.135411 18.011702 0.220442 0.009501 
MP05 85.739081 0.160128 0.186762 0.035030 1166877.950973 1261896.353385 95018.402411 120.131964 246.502120 2.112121 248.614241 41218.773883 35340.598083 0.479866 0.685971 1357.435725 4.424745 998.857320 21.000010 4.138133 0.861571 0.299205 4.306622 18.030009 0.216015 0.009504 
MP06 85.676999 0.160878 0.187773 0.035046 1166825.729761 1261837.426718 95011.696956 120.127317 251.630355 2.110992 253.741347 41235.105793 35329.001139 0.470024 0.686281 1329.570897 4.426663 998.858839 21.999881 3.661237 0.861111 0.305608 4.488821 18.021763 0.211585 0.009508 
MP07 85.555079 0.158318 0.185048 0.035054 1166890.119874 1261902.285300 95012.165426 120.134550 256.899458 2.099902 258.999360 41246.862527 35288.786026 0.459944 0.686416 1301.096203 4.427666 998.857112 21.999881 4.198577 0.856587 0.312367 4.687714 18.031125 0.207048 0.009510 
MP08 85.349047 0.159874 0.187318 0.035035 1166720.913698 1261738.028389 95017.114690 120.116561 261.961734 2.094502 264.056236 41219.147919 35180.149812 0.449781 0.686111 1272.250523 4.425366 998.854392 23.000042 3.714664 0.854384 0.319283 4.901995 18.045535 0.202472 0.009506 
MP09 85.040839 0.156717 0.184285 0.035053 1166719.899629 1261735.732042 95015.832412 120.117450 267.060275 2.087103 269.147378 41240.061750 35070.894446 0.439901 0.686451 1244.308509 4.427578 998.854441 23.000042 4.234610 0.851366 0.326616 5.124619 18.045266 0.198025 0.009510 
MP10 84.646955 0.160267 0.189336 0.035060 1166660.403973 1261672.175515 95011.771541 120.111678 272.062144 2.085502 274.147646 41247.012194 34914.339700 0.429960 0.686616 1216.159940 4.428532 998.855519 23.999914 3.744826 0.850713 0.334248 5.364309 18.039397 0.193550 0.009513 
MP11 84.175961 0.152045 0.180627 0.035046 1166662.251880 1261675.770469 95013.518589 120.111171 277.281843 2.073922 279.355765 41229.817869 34705.595457 0.419422 0.686335 1186.351117 4.426710 998.854452 23.999914 4.277128 0.845989 0.342505 5.637283 18.045131 0.188806 0.009509 
MP12 84.746244 0.156746 0.184960 0.032060 1168456.015843 1263464.767377 95008.751534 120.131293 255.083870 1.973988 257.057858 37723.491053 31969.241938 0.419831 0.627808 1187.607240 4.049568 998.854563 21.999881 4.013424 0.805224 0.312993 5.634012 18.046737 0.188990 0.008698 
MP13 85.229618 0.161219 0.189158 0.032045 1168546.743516 1263557.997382 95011.253866 120.139740 250.334673 1.971736 252.306408 37708.569989 32138.870234 0.429992 0.627494 1216.392426 4.047680 998.854867 21.999881 3.529104 0.804306 0.305444 5.370932 18.045224 0.193564 0.008694 
MP14 85.635201 0.162962 0.190298 0.032036 1168376.521099 1263389.800051 95013.278952 120.122020 245.771230 1.947884 247.719113 37691.870892 32277.509357 0.439876 0.627355 1244.262123 4.046490 998.853612 21.000010 4.063598 0.794576 0.298515 5.132283 18.051756 0.198014 0.008692 
MP15 85.839412 0.161712 0.188389 0.032049 1168463.546444 1263481.230681 95017.684237 120.131401 241.035671 1.934491 242.970161 37710.220796 32370.231654 0.449744 0.627586 1272.225944 4.048137 998.855147 21.000010 3.580668 0.789113 0.292072 4.909503 18.043633 0.202456 0.008695 
MP16 86.245892 0.166666 0.193245 0.032014 1168522.639305 1263540.754542 95018.115237 120.135996 236.423776 1.920192 238.343968 37669.986950 32488.816270 0.460144 0.626883 1301.670628 4.043677 998.851783 20.000139 4.110221 0.783280 0.285151 4.690155 18.061758 0.207138 0.008685 
MP17 86.191650 0.161534 0.187413 0.032058 1168340.399792 1263358.989577 95018.589784 120.119710 231.658227 1.915168 233.573396 37717.635863 32509.452766 0.469873 0.627803 1329.100027 4.049341 998.851925 20.000139 3.624233 0.781231 0.279657 4.497864 18.060773 0.211517 0.008698 
MP18 86.122386 0.164454 0.190954 0.032038 1168372.041107 1263391.409046 95019.367939 120.122053 226.511897 1.910685 228.422582 37694.863247 32463.715776 0.479787 0.627407 1357.158506 4.046822 998.850647 18.999977 4.099575 0.779402 0.273705 4.313927 18.067664 0.215980 0.008692 
MP19 86.003009 0.169689 0.197306 0.032022 1168238.393889 1263250.035184 95011.641296 120.107263 221.423440 1.902648 223.326088 37671.287940 32398.441199 0.489780 0.627129 1385.338933 4.044779 998.853179 18.999977 3.580657 0.776124 0.268002 4.139721 18.053904 0.220478 0.008688 
MP20 85.733503 0.171292 0.199796 0.032057 1168237.982024 1263248.427137 95010.445113 120.109086 216.403741 1.906899 218.310639 37712.777851 32332.485694 0.500008 0.627805 1414.280570 4.049174 998.852752 18.000106 4.068622 0.777858 0.262803 3.972026 18.056192 0.225083 0.008698 
MP21 85.348164 0.166763 0.195391 0.032061 1168250.461742 1263261.407769 95010.946027 120.110821 211.218525 1.901385 213.119910 37718.465805 32192.017936 0.509958 0.627888 1442.432697 4.049734 998.850826 18.000106 3.539837 0.775609 0.257709 3.818542 18.066536 0.229562 0.008699 
MP22 84.954408 0.171179 0.201495 0.032034 1168253.460256 1263260.571967 95007.111711 120.109929 206.028720 1.890956 207.919676 37686.183676 32016.074414 0.519857 0.627358 1470.428370 4.046305 998.849012 16.999945 4.010744 0.771354 0.252589 3.674539 18.076252 0.234018 0.008692 
MP23 85.406433 0.176141 0.206238 0.029038 1169515.358424 1264517.279765 95001.921341 120.089948 187.682307 1.810881 189.493188 34155.181487 29170.722306 0.519758 0.568720 1470.025822 3.667799 998.848472 14.999912 4.139821 0.738690 0.229023 3.680525 18.080688 0.233973 0.007879 
MP24 86.030596 0.175084 0.203513 0.029042 1169470.814708 1264468.211746 94997.397037 120.085504 192.760772 1.807228 194.568000 34159.228774 29387.388229 0.509971 0.568819 1442.317780 3.668366 998.849377 16.000073 3.657559 0.737200 0.233459 3.823146 18.075770 0.229567 0.007881 
MP25 86.336186 0.172927 0.200295 0.029046 1169313.214195 1264308.721745 94995.507550 120.069817 197.287712 1.821961 199.109673 34159.452076 29491.968054 0.500144 0.568935 1414.434295 3.668876 998.847597 16.000073 4.119214 0.743210 0.238095 3.974838 18.085107 0.225144 0.007882 
MP26 86.533682 0.172703 0.199579 0.029049 1170153.987942 1265142.990359 94989.002417 120.156017 202.143187 1.789307 203.932493 34187.206480 29583.448503 0.489655 0.568786 1385.267836 3.669230 998.845696 16.000073 4.614372 0.729890 0.243131 4.146966 18.096305 0.220422 0.007880 
MP27 86.748554 0.171438 0.197626 0.029033 1170320.099649 1265309.534727 94989.435078 120.172299 206.753697 1.789077 208.542774 34173.160667 29644.722797 0.479790 0.568437 1357.449337 3.667228 998.845097 16.999945 4.084677 0.729796 0.247978 4.319293 18.099715 0.215981 0.007875 
MP28 86.800598 0.176219 0.203016 0.029044 1170124.485188 1265110.855669 94986.370481 120.152786 211.308387 1.790465 213.098852 34180.466778 29668.849484 0.469952 0.568697 1329.508068 3.668606 998.845575 18.000106 3.549001 0.730362 0.253285 4.501996 18.096909 0.211553 0.007879 
MP29 86.693680 0.167620 0.193348 0.029049 1170153.992210 1265138.416989 94984.424779 120.156055 215.728989 1.786316 217.515305 34186.799727 29637.794680 0.459922 0.568779 1301.150243 3.669187 998.845249 18.000106 3.999811 0.728670 0.258846 4.700492 18.098686 0.207038 0.007880 
MP30 86.369357 0.168803 0.195444 0.029059 1170056.813521 1265040.440974 94983.627453 120.146526 219.888026 1.785770 221.673796 34195.793610 29534.686926 0.449742 0.568996 1272.299613 3.670441 998.845885 18.000106 4.423947 0.728447 0.264806 4.915674 18.095158 0.202455 0.007883 
MP31 86.056547 0.174094 0.202302 0.029065 1170095.976885 1265077.231149 94981.254264 120.151199 224.101052 1.787839 225.888891 34204.091803 29434.860386 0.439849 0.569103 1244.338359 3.671201 998.842624 18.999977 3.853718 0.729291 0.270813 5.139263 18.112647 0.198002 0.007885 
MP32 85.817985 0.170663 0.198866 0.029035 1170077.654235 1265056.889653 94979.235418 120.147870 228.435805 1.790489 230.226294 34168.028238 29322.313389 0.429919 0.568526 1216.227140 3.667430 998.843018 18.999977 4.295774 0.730372 0.276787 5.379494 18.110514 0.193531 0.007877 
MP33 85.326771 0.166268 0.194861 0.029037 1170128.715863 1265107.722370 94979.006507 120.153252 232.741880 1.781697 234.523577 34171.789407 29157.684471 0.419662 0.568551 1187.238316 3.667672 998.842367 20.000139 3.734743 0.726786 0.283564 5.645654 18.114055 0.188914 0.007877 
MP34 85.504737 0.168758 0.197366 0.026040 1171355.831704 1266336.316105 94980.484401 120.144231 209.196843 1.720356 210.917199 30642.494117 26200.784028 0.419326 0.509888 1186.243033 3.289117 998.842564 16.999945 4.333828 0.701763 0.254510 5.661061 18.114511 0.188763 0.007064 
MP35 86.055979 0.171752 0.199582 0.026043 1171280.402378 1266258.441669 94978.039292 120.136700 205.330919 1.726790 207.057709 30644.870535 26371.743503 0.429943 0.509975 1216.238705 3.289579 998.842440 16.999945 3.939583 0.704388 0.248268 5.384924 18.115078 0.193542 0.007065 
MP36 86.400407 0.177488 0.205425 0.026050 1171369.514638 1266342.779430 94973.264792 120.146080 201.548176 1.715825 203.264002 30654.771804 26485.847523 0.439845 0.510080 1244.299095 3.290385 998.842345 16.999945 3.553821 0.699916 0.242729 5.145182 18.115683 0.198000 0.007067 
MP37 86.649497 0.175937 0.203045 0.026050 1171296.141451 1266264.656958 94968.515507 120.138924 197.635825 1.710754 199.346579 30652.750336 26560.454007 0.449765 0.510094 1272.325084 3.290374 998.839516 16.000073 4.154714 0.697847 0.237381 4.920715 18.130696 0.202465 0.007067 
MP38 86.994129 0.181671 0.208832 0.026038 1171246.658975 1266211.506309 94964.847334 120.133370 193.894901 1.704649 195.599550 30637.312604 26652.663380 0.459983 0.509872 1301.200271 3.288869 998.839489 16.000073 3.773217 0.695357 0.232007 4.704546 18.130769 0.207065 0.007064 
MP39 87.075287 0.178870 0.205420 0.026041 1171331.853112 1266294.596410 94962.743298 120.141914 189.970503 1.702169 191.672671 30643.381243 26682.812201 0.469921 0.509917 1329.360549 3.289278 998.841923 14.999912 4.373170 0.694345 0.227121 4.507658 18.117867 0.211539 0.007065 
MP40 86.838723 0.181242 0.208711 0.026051 1171300.150189 1266260.418252 94960.268064 120.139047 185.579559 1.703255 187.282814 30654.751465 26620.194823 0.479813 0.510125 1357.327619 3.290575 998.842471 14.999912 3.925384 0.694788 0.222529 4.323696 18.114891 0.215992 0.007067 
MP41 86.887555 0.192237 0.221248 0.026040 1171384.202627 1266343.788939 94959.586312 120.147304 181.835778 1.703030 183.538808 30643.717246 26625.576581 0.489683 0.509889 1385.295733 3.289169 998.841241 14.000041 4.543466 0.694696 0.217943 4.151177 18.121569 0.220435 0.007064 
MP42 86.787372 0.185242 0.213444 0.026026 1171308.462176 1266268.322036 94959.859860 120.139226 177.758508 1.698478 179.456986 30624.427661 26578.135915 0.499946 0.509621 1414.280429 3.287327 998.838961 14.000041 4.127669 0.692839 0.213357 3.982521 18.133656 0.225055 0.007060 
MP43 86.277818 0.181863 0.210788 0.026053 1171291.789119 1266252.629069 94960.839950 120.138640 173.395791 1.697112 175.092903 30656.729957 26449.957749 0.509936 0.510162 1442.539856 3.290809 998.839395 14.000041 3.682761 0.692282 0.209399 3.827958 18.131318 0.229552 0.007068 
MP44 85.672096 0.189108 0.220734 0.026057 1171239.356599 1266200.648903 94961.292303 120.133396 168.888471 1.702910 170.591381 30659.506160 26266.641422 0.519776 0.510241 1470.343622 3.291250 998.839713 12.999879 4.223269 0.694647 0.205467 3.684389 18.129559 0.233982 0.007069 
MP45 85.927446 0.197769 0.230158 0.023011 1172326.587811 1267285.779871 94959.192060 120.122428 149.376994 1.672178 151.049172 27073.346474 23263.435133 0.519929 0.450620 1470.709430 2.906537 998.842998 11.000137 4.233242 0.682111 0.181405 3.685963 18.113330 0.234050 0.006243 
MP46 86.466053 0.195703 0.226335 0.023038 1172334.852850 1267293.560621 94958.707771 120.125049 153.491630 1.660402 155.152032 27106.177705 23437.642099 0.509965 0.451154 1442.539894 2.910016 998.836784 12.000008 3.652980 0.677307 0.185168 3.831377 18.146531 0.229565 0.006250 
MP47 86.853131 0.197852 0.227801 0.023021 1172397.480785 1267352.944422 94955.463638 120.130399 157.230160 1.649184 158.879345 27087.446107 23526.294933 0.499874 0.450811 1414.026275 2.907866 998.840172 12.000008 4.034233 0.672731 0.188763 3.987652 18.128513 0.225022 0.006246 
MP48 87.081310 0.194944 0.223864 0.023032 1172364.618562 1267319.566058 94954.947496 120.127791 161.018484 1.643364 162.661849 27099.015705 23598.177822 0.489747 0.451020 1385.364794 2.909180 998.837194 12.000008 4.420564 0.670357 0.192755 4.154254 18.144372 0.220464 0.006249 
MP49 86.997160 0.191237 0.219820 0.023021 1172372.189572 1267326.123921 94953.934348 120.128299 164.213925 1.640798 165.854723 27086.280376 23564.294662 0.479628 0.450805 1356.744233 2.907804 998.835996 12.999879 3.746562 0.669311 0.196728 4.331404 18.150770 0.215909 0.006246 
MP50 87.217968 0.193246 0.221567 0.023015 1172369.088849 1267323.018196 94953.929347 120.127925 168.026766 1.635754 169.662519 27079.102991 23617.843491 0.469930 0.450689 1329.308282 2.907046 998.834597 12.999879 4.135393 0.667253 0.200736 4.512038 18.158228 0.211543 0.006244 
MP51 87.250710 0.195420 0.223975 0.022989 1172309.653847 1267265.171205 94955.517357 120.120201 171.518028 1.623885 173.141913 27047.372231 23599.024354 0.460134 0.450201 1301.557083 2.903810 998.840419 12.999879 4.491430 0.662411 0.204788 4.706230 18.127087 0.207133 0.006237 
MP52 86.747648 0.187569 0.216224 0.023044 1172266.720161 1267220.471823 94953.751662 120.117384 174.900617 1.618034 176.518651 27110.848210 23518.023223 0.449788 0.451272 1272.276765 2.910681 998.844344 14.000041 3.836223 0.660025 0.209997 4.925142 18.106049 0.202476 0.006252 
MP53 86.551161 0.188902 0.218255 0.023029 1172303.186205 1267256.616331 94953.430126 120.120801 178.324623 1.621073 179.945696 27094.412098 23450.528334 0.439950 0.450980 1244.464610 2.908840 998.842337 14.000041 4.185401 0.661264 0.214554 5.147914 18.116825 0.198047 0.006248 
MP54 86.093731 0.183978 0.213695 0.023024 1172266.376585 1267221.345054 94954.968470 120.117025 181.471177 1.621851 183.093027 27087.859346 23320.948806 0.430005 0.450893 1216.314243 2.908232 998.840986 14.000041 4.506284 0.661581 0.219474 5.388796 18.124003 0.193570 0.006247 
MP55 85.481338 0.172719 0.202055 0.023058 1172353.305676 1267309.052453 94955.746778 120.127220 184.868526 1.617044 186.485570 27129.570275 23190.719703 0.419807 0.451530 1187.518481 2.912464 998.840451 14.999912 3.852873 0.659621 0.225123 5.653729 18.126969 0.188979 0.006256 
MP56 85.477664 0.189038 0.221155 0.020030 1173511.262634 1268464.512183 94953.249549 120.139343 160.373875 1.558998 161.932873 23569.415964 20146.586074 0.419976 0.392217 1188.058495 2.530013 998.840186 12.000008 4.354827 0.635943 0.195472 5.654171 18.129798 0.189056 0.005434 
MP57 85.968470 0.202973 0.236102 0.020016 1173529.873376 1268479.914623 94950.041247 120.140960 157.405419 1.574038 158.979457 23553.359802 20248.463100 0.429939 0.391943 1216.248835 2.528259 998.838775 12.000008 4.052105 0.642078 0.190809 5.395196 18.137347 0.193540 0.005430 
MP58 86.356253 0.204726 0.237071 0.020021 1173510.592553 1268459.348644 94948.756091 120.138714 154.595471 1.559177 156.154648 23558.328982 20344.090204 0.439787 0.392035 1244.098423 2.528831 998.842318 12.000008 3.765549 0.636016 0.186580 5.156250 18.118397 0.197974 0.005431 
MP59 86.649354 0.208106 0.240170 0.020040 1173516.129282 1268463.345450 94947.216168 120.140017 151.794543 1.562005 153.356549 23581.295930 20433.040613 0.449767 0.392411 1272.336700 2.531271 998.841412 11.000137 4.479783 0.637170 0.182615 4.929942 18.123238 0.202466 0.005437 
MP60 87.042359 0.208478 0.239513 0.019995 1173472.425952 1268418.591285 94946.165333 120.134585 148.685065 1.547007 150.232072 23527.383549 20478.789718 0.460160 0.391542 1301.706311 2.525609 998.837325 11.000137 4.162680 0.631052 0.178095 4.709833 18.145008 0.207145 0.005425 
MP61 86.967749 0.206589 0.237547 0.020014 1173501.919555 1268446.633655 94944.714100 120.138302 145.588823 1.549491 147.138314 23550.345979 20481.205795 0.469883 0.391906 1329.233040 2.527997 998.836577 9.999975 4.847089 0.632065 0.174572 4.516900 18.149032 0.211522 0.005430 
MP62 86.865459 0.205816 0.236937 0.020023 1173521.484058 1268465.087777 94943.603719 120.140655 142.431059 1.556118 143.987177 23561.431634 20466.745686 0.479823 0.392080 1357.364102 2.529139 998.836070 9.999975 4.525062 0.634768 0.171031 4.331691 18.151761 0.215996 0.005432 
MP63 86.945426 0.211618 0.243392 0.019991 1173503.677549 1268444.623451 94940.945902 120.138014 139.460973 1.555239 141.016212 23523.726796 20452.804530 0.489604 0.391466 1385.017323 2.525151 998.834359 9.999975 4.222174 0.634410 0.167352 4.160389 18.160853 0.220399 0.005424 
MP64 86.623127 0.210407 0.242899 0.020003 1173508.580213 1268446.430540 94937.850326 120.138830 136.140064 1.542224 137.682289 23537.975866 20389.330730 0.499901 0.391699 1414.152599 2.526662 998.834978 9.999975 3.883510 0.629101 0.164002 3.990739 18.157554 0.225035 0.005427 
MP65 86.142939 0.217434 0.252411 0.020025 1173541.275128 1268480.100570 94938.825442 120.143631 132.837686 1.548283 134.385969 23563.985678 20298.709717 0.509877 0.392110 1442.400575 2.529369 998.828600 9.000104 4.546606 0.631572 0.160963 3.836092 18.191573 0.229525 0.005432 
MP66 85.631878 0.211599 0.247104 0.020017 1173483.829855 1268421.334814 94937.504958 120.136841 129.456072 1.551095 131.007167 23553.773477 20169.538528 0.519713 0.391972 1470.186022 2.528402 998.834225 9.000104 4.201751 0.632719 0.157860 3.692262 18.161535 0.233953 0.005431 
MP67 85.145992 0.246916 0.289991 0.016992 1174033.768527 1268970.438761 94936.670234 120.101860 109.015599 1.497747 110.513346 19988.147039 17019.106096 0.519934 0.332779 1470.596067 2.146271 998.834596 7.000071 4.117277 0.610958 0.133965 3.691931 18.160232 0.234052 0.004610 
MP68 85.622641 0.238022 0.277990 0.017013 1174072.032324 1269006.818029 94934.785705 120.106331 111.978817 1.497462 113.476279 20013.953350 17136.475345 0.509841 0.333190 1442.074824 2.148961 998.834798 7.000071 4.419464 0.610841 0.136785 3.839537 18.159194 0.229509 0.004616 
MP69 85.911444 0.237992 0.277020 0.017011 1174006.970791 1268939.857687 94932.886896 120.099723 114.608922 1.484851 116.093773 20010.117420 17190.980911 0.499944 0.333154 1414.044624 2.148669 998.833984 7.999943 3.687808 0.605697 0.139478 3.993048 18.163449 0.225054 0.004616 
MP70 86.344234 0.227255 0.263197 0.016995 1174091.610085 1269025.371629 94933.761544 120.108204 117.494711 1.491164 118.985875 19992.370826 17262.259500 0.489798 0.332824 1385.394993 2.146617 998.831573 7.999943 3.982100 0.608272 0.142226 4.160216 18.176404 0.220486 0.004611 
MP71 86.464698 0.228615 0.264403 0.017003 1174014.717265 1268948.160211 94933.442946 120.100531 120.184471 1.484134 121.668604 20001.053003 17293.850062 0.479890 0.333000 1357.327177 2.147686 998.832046 7.999943 4.256400 0.605404 0.145240 4.333765 18.173791 0.216026 0.004614 
MP72 86.489975 0.225425 0.260637 0.017007 1174016.012612 1268949.914589 94933.901977 120.100276 122.822545 1.473365 124.295910 20005.118516 17302.421914 0.469980 0.333068 1329.295217 2.148118 998.836055 7.999943 4.525429 0.601011 0.148332 4.518458 18.152419 0.211565 0.004614 
MP73 86.431180 0.229453 0.265474 0.017013 1174109.482459 1269043.764907 94934.282448 120.109866 125.436851 1.474318 126.911168 20014.632958 17298.883412 0.460182 0.333186 1301.636180 2.148966 998.837215 9.000104 3.791873 0.601400 0.151544 4.712898 18.146345 0.207155 0.004616 
MP74 86.212911 0.228702 0.265276 0.017004 1174030.799200 1268964.182061 94933.382861 120.101676 127.978329 1.455560 129.433890 20002.017607 17244.321561 0.449805 0.333010 1272.241308 2.147759 998.836317 9.000104 4.051052 0.593749 0.154958 4.932869 18.151042 0.202484 0.004614 
MP75 85.874401 0.225235 0.262284 0.017007 1174091.853363 1269023.395277 94931.541914 120.108213 130.398262 1.451245 131.849507 20007.171954 17181.039131 0.439932 0.333069 1244.349272 2.148200 998.834594 9.000104 4.297835 0.591989 0.158464 5.156764 18.160300 0.198039 0.004614 
MP76 85.458219 0.222134 0.259932 0.017014 1173992.576861 1268923.544675 94930.967814 120.098456 132.847405 1.458907 134.306312 20013.173918 17102.901937 0.429938 0.333211 1216.031328 2.149022 998.832934 9.999975 3.547726 0.595114 0.162217 5.399286 18.169025 0.193540 0.004616 
MP77 85.005177 0.209891 0.246916 0.017004 1174084.616919 1269014.589440 94929.972522 120.107554 135.276684 1.453694 136.730377 20003.397145 17003.923071 0.419856 0.333010 1187.559836 2.147809 998.833214 9.999975 3.795463 0.592987 0.166012 5.661725 18.167642 0.189001 0.004614 
MP78 84.166286 0.234111 0.278153 0.013978 1174818.907930 1269748.650672 94929.742741 120.106348 110.006713 1.399867 111.406579 16443.059579 13839.512571 0.419400 0.273743 1186.263960 1.765547 998.832375 7.000071 4.218350 0.571030 0.136615 5.677655 18.173012 0.188796 0.003793 
MP79 84.659208 0.245898 0.290456 0.013963 1174808.386736 1269738.614581 94930.227844 120.105258 107.742021 1.430477 109.172498 16425.675787 13905.847088 0.430035 0.273458 1216.341663 1.763701 998.829739 7.000071 3.987398 0.583517 0.133097 5.400299 18.187040 0.193584 0.003789 
MP80 84.976821 0.253779 0.298645 0.013987 1174771.283122 1269700.196792 94928.913670 120.101500 105.896531 1.404897 107.301428 16452.961630 13981.203685 0.439912 0.273924 1244.258001 1.766679 998.833955 5.999910 4.799357 0.573082 0.130331 5.160509 18.164533 0.198030 0.003795 
MP81 85.215448 0.255499 0.299828 0.013981 1174833.681603 1269762.202372 94928.520769 120.107595 103.773234 1.423028 105.196263 16446.883621 14015.285528 0.449798 0.273802 1272.251646 1.765934 998.835133 5.999910 4.582824 0.580478 0.127409 4.936168 18.158327 0.202480 0.003793 
MP82 85.270633 0.250207 0.293427 0.013989 1174827.536545 1269758.804154 94931.267609 120.107329 101.543832 1.425765 102.969597 16456.220456 14032.323286 0.460084 0.273958 1301.343506 1.766943 998.833636 5.999910 4.355471 0.581595 0.124632 4.717918 18.166305 0.207110 0.003796 
MP83 85.174465 0.258306 0.303267 0.013987 1174807.092040 1269734.957269 94927.865229 120.105456 99.253505 1.425339 100.678844 16453.595722 14014.262153 0.469950 0.273922 1329.239986 1.766693 998.831476 5.999910 4.121905 0.581421 0.121999 4.521900 18.177781 0.211552 0.003795 
MP84 85.111280 0.254603 0.299142 0.013998 1174843.977524 1269769.915195 94925.937671 120.109365 97.157674 1.433770 98.591444 16466.801578 14015.105549 0.479921 0.274128 1357.464641 1.768052 998.832322 5.999910 3.908173 0.584860 0.119554 4.335947 18.173315 0.216040 0.003798 
MP85 85.009977 0.259937 0.305772 0.013987 1174831.677238 1269755.954237 94924.276998 120.108589 94.983259 1.441531 96.424790 16454.208487 13987.718933 0.489747 0.273922 1385.254528 1.766722 998.826336 5.000039 4.686299 0.588026 0.117068 4.163704 18.205160 0.220464 0.003795 
MP86 84.528929 0.269411 0.318720 0.013996 1174722.138260 1269644.261469 94922.123210 120.097864 92.535095 1.446460 93.981555 16463.497594 13916.418259 0.499940 0.274114 1414.022206 1.767881 998.824254 5.000039 4.436636 0.590037 0.114761 3.995646 18.216089 0.225052 0.003798 
MP87 84.273999 0.269661 0.319981 0.013993 1174775.058756 1269698.076184 94923.017428 120.103483 90.392905 1.457298 91.850203 16460.070008 13871.559175 0.509880 0.274039 1442.170282 1.767434 998.821783 5.000039 4.218177 0.594457 0.112493 3.841378 18.229284 0.229527 0.003797 
MP88 83.777323 0.269527 0.321718 0.013985 1174809.582698 1269732.393733 94922.811035 120.107039 88.049426 1.460072 89.509498 16451.999891 13783.045060 0.519868 0.273893 1470.440433 1.766518 998.820149 5.000039 3.979190 0.595589 0.110273 3.695206 18.238000 0.234023 0.003795 
MP89 81.395355 0.319848 0.392956 0.011018 1175535.503842 1270455.444821 94919.940979 120.120996 67.085770 1.443642 68.529411 12962.444081 10550.827357 0.519758 0.215761 1470.215161 1.391671 998.818451 2.000135 4.841233 0.588887 0.086887 3.698629 18.247889 0.233973 0.002989 
MP90 82.176626 0.314709 0.382967 0.010996 1175751.495867 1270671.669881 94920.174014 120.141942 68.964784 1.425147 70.389931 12938.986067 10632.822135 0.509908 0.215313 1442.478644 1.388902 998.824391 3.000006 4.032983 0.581343 0.088382 3.842917 18.216612 0.229539 0.002983 
MP91 82.604790 0.315899 0.382422 0.011008 1175775.382099 1270696.786650 94921.404551 120.144561 70.822494 1.433897 72.256392 12953.347599 10700.085542 0.499873 0.215545 1414.107293 1.390413 998.824673 3.000006 4.222431 0.584912 0.090253 3.998745 18.215147 0.225022 0.002986 
MP92 83.008241 0.313231 0.377349 0.010979 1175637.797693 1270558.942325 94921.144633 120.130515 72.497507 1.423047 73.920554 12918.328590 10723.277327 0.489707 0.215001 1385.267704 1.386822 998.820433 3.000006 4.393248 0.580486 0.091894 4.166507 18.237499 0.220446 0.002979 
MP93 83.179066 0.314874 0.378550 0.011002 1175675.556950 1270596.001570 94920.444620 120.134881 74.350238 1.412032 75.762269 12945.461520 10767.913977 0.479783 0.215441 1357.219166 1.389686 998.819559 3.000006 4.582188 0.575993 0.093987 4.340641 18.242180 0.215978 0.002985 
MP94 83.431378 0.307979 0.369140 0.010997 1175668.623536 1270588.484321 94919.860784 120.133662 76.148759 1.405719 77.554478 12939.038310 10795.218000 0.469887 0.215337 1329.217097 1.389006 998.823011 3.000006 4.765600 0.573418 0.095920 4.525410 18.223844 0.211523 0.002983 
MP95 83.260558 0.298135 0.358074 0.011010 1175629.364066 1270549.807058 94920.442991 120.129023 77.787235 1.379764 79.166999 12954.588171 10786.062450 0.459934 0.215606 1301.038444 1.390718 998.830272 3.999877 3.932820 0.562830 0.098118 4.723369 18.185181 0.207043 0.002987 
MP96 83.128872 0.305814 0.367880 0.011002 1175682.620539 1270603.513927 94920.893388 120.134289 79.396747 1.374676 80.771423 12945.295678 10761.278270 0.449753 0.215438 1272.264792 1.389660 998.830454 3.999877 4.096957 0.560755 0.100261 4.939656 18.184276 0.202460 0.002985 
MP97 83.173051 0.302718 0.363961 0.011004 1175638.275712 1270556.763842 94918.488130 120.129888 81.270451 1.372569 82.643020 12947.873984 10769.141820 0.439896 0.215492 1244.360741 1.389988 998.829786 3.999877 4.288036 0.559895 0.102533 5.163486 18.187773 0.198023 0.002986 
MP98 82.888679 0.294562 0.355370 0.011011 1175632.616305 1270551.086275 94918.469971 120.129500 82.954808 1.357774 84.312582 12955.667611 10738.781710 0.429971 0.215623 1216.281232 1.390830 998.829203 3.999877 4.459806 0.553860 0.104964 5.404627 18.190869 0.193555 0.002987 
MP99 82.260999 0.278437 0.338479 0.011024 1175570.296671 1270488.416855 94918.120184 120.123473 84.517970 1.341332 85.859302 12969.888035 10669.159436 0.419498 0.215876 1186.627017 1.392428 998.828290 3.999877 4.619217 0.547153 0.107710 5.677834 18.195654 0.188840 0.002991 
