MP_Name eta e.eta f.eta Q_A p_Duese_rel p_Duese_abs p_amb H_tot M_Generator M_Lager M_mech P_hyd P_mech ku kcm n_rpm v_ME rho Masse_Aufgelegt Masse_Generator_Sensor Masse_Lager_Sensor phi psi T_Water n_ED Q_ED 
[] [%] [%] [%] [m^3/s] [Pa(r)] [Pa(a)] [Pa(a)] [m] [Nm] [Nm] [Nm] [W] [W] [-] [-] [rpm] [m/s] [kg/m^3] [kg] [kg] [kg] [-] [-] [°C] [-] [-] 
MP01 82.894818 0.157114 0.189535 0.035048 1167055.696159 1263263.156426 96207.460268 120.258945 219.688771 2.413147 222.101917 41245.333722 34190.244382 0.519388 0.685946 1470.013351 4.426925 997.954023 18.000106 4.403628 0.984365 0.276427 3.676138 22.354650 0.233807 0.009503 
MP02 83.344865 0.160748 0.192871 0.035026 1166872.519906 1263055.794165 96183.274259 120.238876 224.932712 2.417552 227.350264 41213.346547 34349.208053 0.509800 0.685585 1442.755201 4.424225 997.955134 18.000106 4.938402 0.986162 0.281477 3.815755 22.349620 0.229491 0.009498 
MP03 83.646029 0.163919 0.195967 0.035028 1166950.271309 1263158.764900 96208.493591 120.246447 230.339390 2.416884 232.756273 41218.346780 34477.510267 0.499804 0.685601 1414.509547 4.424465 997.959168 18.999977 4.489901 0.985890 0.287114 3.969915 22.332288 0.224991 0.009499 
MP04 83.819485 0.160094 0.190999 0.035031 1166759.284203 1262977.249798 96217.965596 120.226923 235.728525 2.412665 238.141190 41214.628452 34545.889352 0.489510 0.685705 1385.266207 4.424779 997.960418 18.999977 5.039481 0.984169 0.293196 4.138613 22.326704 0.220357 0.009500 
MP05 84.082593 0.159504 0.189699 0.034987 1166672.452557 1262893.139973 96220.687416 120.215721 241.061445 2.404168 243.465614 41159.014072 34607.566403 0.479682 0.684876 1357.390519 4.419226 997.958953 20.000139 4.583167 0.980703 0.298841 4.310027 22.332968 0.215933 0.009489 
MP06 84.021157 0.163863 0.195026 0.035021 1166601.667714 1262820.700250 96219.032537 120.210488 246.295530 2.391408 248.686938 41197.856880 34614.916083 0.469721 0.685568 1329.173551 4.423591 997.958676 21.000010 4.117065 0.975498 0.305487 4.494693 22.334096 0.211449 0.009498 
MP07 84.001760 0.165127 0.196575 0.035033 1166706.497830 1262924.041699 96217.543869 120.221746 251.607301 2.373584 253.980885 41215.887811 34622.071315 0.460004 0.685771 1301.737440 4.425107 997.959840 21.000010 4.658757 0.968227 0.312032 4.686570 22.329156 0.207074 0.009501 
MP08 83.784001 0.161214 0.192417 0.035045 1166490.059657 1262701.472807 96211.413150 120.200284 256.775568 2.367987 259.143556 41222.790090 34538.102686 0.449786 0.686069 1272.709966 4.426637 997.960135 21.999881 4.185943 0.965944 0.319259 4.901876 22.327653 0.202475 0.009505 
MP09 83.642805 0.161774 0.193410 0.035022 1166579.611450 1262785.857660 96206.246210 120.207912 261.912489 2.361788 264.274278 41197.832939 34459.023197 0.440030 0.685587 1245.143627 4.423670 997.961672 21.999881 4.709803 0.963415 0.326109 5.121710 22.321074 0.198083 0.009498 
MP10 83.307707 0.153912 0.184752 0.035033 1166527.114688 1262729.784659 96202.669972 120.203246 267.219976 2.355750 269.575726 41209.015377 34330.285840 0.429773 0.685814 1216.096443 4.425045 997.961023 23.000042 4.250896 0.960952 0.334002 5.369064 22.323829 0.193466 0.009502 
MP11 82.973164 0.150127 0.180934 0.035008 1166522.530824 1262723.844189 96201.313365 120.201427 272.659053 2.345565 275.004619 41178.764247 34167.323663 0.419293 0.685326 1186.430646 4.421867 997.960323 23.000042 4.805570 0.956797 0.342107 5.640901 22.326853 0.188748 0.009495 
MP12 83.615526 0.154463 0.184730 0.032039 1168288.570977 1264483.784981 96195.214003 120.220193 251.306470 2.285761 253.592231 37692.998924 31517.199497 0.419396 0.627168 1186.815089 4.046933 997.958626 21.000010 4.628078 0.932402 0.312998 5.645792 22.335917 0.188794 0.008689 
MP13 83.892858 0.162066 0.193182 0.032071 1168262.279916 1264457.876753 96195.596838 120.219043 246.184974 2.292281 248.477254 37730.038845 31652.807937 0.429873 0.627793 1216.457626 4.050944 997.959632 21.000010 4.105791 0.935062 0.305674 5.373865 22.331537 0.193511 0.008698 
MP14 84.328363 0.160591 0.190436 0.032032 1168178.684157 1264374.716030 96196.031873 120.208646 241.566979 2.282290 243.849269 37680.683473 31775.503541 0.439748 0.627054 1244.349465 4.046001 997.958072 20.000139 4.634722 0.930986 0.298458 5.135298 22.338209 0.197956 0.008687 
MP15 84.447154 0.159695 0.189106 0.032054 1168219.179220 1264416.059013 96196.879792 120.214022 236.726800 2.272081 238.998881 37707.979796 31843.315772 0.449620 0.627466 1272.312511 4.048755 997.957223 20.000139 4.141123 0.926822 0.292097 4.912224 22.341926 0.202400 0.008693 
MP16 84.634585 0.160168 0.189246 0.032049 1168128.592430 1264327.889997 96199.297567 120.204625 231.873528 2.241329 234.114858 37699.983076 31907.224237 0.459939 0.627407 1301.461815 4.048215 997.956538 18.999977 4.646351 0.914278 0.285517 4.694286 22.344805 0.207045 0.008692 
MP17 84.639308 0.162386 0.191856 0.032069 1168164.682887 1264365.289132 96200.606246 120.209571 227.108099 2.226439 229.334537 37724.553224 31929.800660 0.469849 0.627779 1329.529951 4.050695 997.954581 18.999977 4.160375 0.908204 0.279660 4.498321 22.353312 0.211506 0.008697 
MP18 84.627081 0.167286 0.197675 0.032069 1168150.451179 1264352.591060 96202.139881 120.208182 222.329051 2.210388 224.539438 37724.531161 31925.169723 0.479816 0.627789 1357.725470 4.050741 997.954189 18.000106 4.672882 0.901656 0.273856 4.313379 22.354996 0.215993 0.008698 
MP19 84.393014 0.165688 0.196329 0.032053 1168252.345643 1264459.800205 96207.454562 120.217693 217.168828 2.196288 219.365116 37708.247885 31823.127020 0.489544 0.627444 1385.309041 4.048670 997.954583 18.000106 4.146645 0.895905 0.268266 4.143677 22.353402 0.220372 0.008693 
MP20 84.240447 0.165972 0.197022 0.032059 1168106.948203 1264321.405519 96214.457315 120.203278 212.366718 2.174241 214.540958 37710.066644 31767.128727 0.499701 0.627588 1413.966528 4.049357 997.953246 16.999945 4.657090 0.886911 0.262873 3.976926 22.359055 0.224945 0.008695 
MP21 84.081528 0.164807 0.196009 0.032051 1168111.792127 1264331.379342 96219.587214 120.203475 207.698323 2.153620 209.851944 37701.149223 31699.702349 0.509782 0.627438 1442.492523 4.048396 997.952422 16.999945 4.181010 0.878500 0.257613 3.821209 22.362632 0.229483 0.008693 
MP22 83.640813 0.165450 0.197810 0.032046 1168044.105966 1264266.822258 96222.716291 120.196299 202.602590 2.129028 204.731618 37693.450731 31527.108697 0.519702 0.627366 1470.518886 4.047810 997.952566 16.000073 4.661222 0.868468 0.252667 3.676728 22.361950 0.233948 0.008692 
MP23 84.311230 0.173491 0.205774 0.029035 1170041.196944 1266254.190033 96212.993089 120.250984 185.112777 2.015155 187.127932 34166.764810 28806.419655 0.519406 0.568282 1470.015948 3.667427 997.950509 14.000041 4.877653 0.822017 0.229002 3.685542 22.372776 0.233815 0.007873 
MP24 84.785074 0.172590 0.203562 0.029034 1170042.616522 1266244.130193 96201.513671 120.250761 189.774234 2.011276 191.785510 34165.738511 28967.446677 0.509626 0.568265 1442.333882 3.667313 997.953226 14.999912 4.353154 0.820435 0.233390 3.828364 22.361010 0.229412 0.007873 
MP25 85.043282 0.176654 0.207722 0.029033 1170086.264984 1266282.022146 96195.757161 120.255488 194.187483 2.008690 196.196173 34165.835114 29055.747415 0.499678 0.568234 1414.206733 3.667189 997.950614 14.999912 4.803215 0.819380 0.238023 3.982322 22.372332 0.224934 0.007873 
MP26 85.140964 0.174093 0.204476 0.029036 1170084.404123 1266277.292634 96192.888510 120.255381 198.488710 2.008872 200.497582 34169.235159 29092.016160 0.489568 0.568291 1385.594222 3.667556 997.951058 14.999912 5.241852 0.819454 0.242963 4.148482 22.370408 0.220383 0.007873 
MP27 85.216195 0.171754 0.201551 0.029076 1169950.582193 1266143.356680 96192.774487 120.243544 203.064006 2.004874 205.068880 34212.659603 29154.726686 0.479711 0.569097 1357.627407 3.672577 997.951402 16.000073 4.708277 0.817824 0.248307 4.320662 22.368788 0.215946 0.007885 
MP28 85.350438 0.170310 0.199542 0.029027 1170018.642325 1266214.770850 96196.128525 120.248470 207.420204 2.002923 209.423126 34156.499960 29152.722280 0.469695 0.568130 1329.308736 3.666407 997.949069 16.999945 4.152647 0.817028 0.253171 4.506984 22.378943 0.211437 0.007871 
MP29 85.249193 0.172768 0.202663 0.029056 1170035.868092 1266230.724416 96194.856323 120.251847 211.862967 2.000413 213.863380 34191.668849 29148.121796 0.459864 0.568692 1301.504070 3.670086 997.947060 16.999945 4.605718 0.816004 0.258839 4.701690 22.387638 0.207011 0.007879 
MP30 85.025702 0.169694 0.199580 0.029046 1169979.419970 1266183.019455 96203.599485 120.245055 216.087991 1.997625 218.085616 34178.797546 29060.762400 0.449622 0.568523 1272.481166 3.668894 997.951879 16.999945 5.036583 0.814867 0.264657 4.918348 22.366776 0.202401 0.007877 
MP31 84.894216 0.168014 0.197910 0.029029 1169896.738868 1266114.499412 96217.760545 120.236067 220.534436 1.998922 222.533358 34155.452454 28996.003412 0.439670 0.568200 1244.269349 3.666671 997.949442 18.000106 4.489868 0.815396 0.270493 5.143557 22.377255 0.197921 0.007872 
MP32 84.501010 0.164747 0.194964 0.029044 1170026.960715 1266255.845552 96228.884837 120.249936 224.696195 2.007478 226.703673 34176.997688 28879.908169 0.429829 0.568459 1216.490254 3.668557 997.950637 18.000106 4.914282 0.818886 0.276813 5.381742 22.372242 0.193491 0.007876 
MP33 84.042134 0.161217 0.191829 0.029042 1169922.244612 1266156.600875 96234.356264 120.239917 229.268013 1.997753 231.265766 34171.579214 28718.524312 0.419013 0.568444 1185.829236 3.668304 997.944159 18.999977 4.380642 0.814919 0.283950 5.663173 22.400128 0.188622 0.007875 
MP34 84.502441 0.169022 0.200021 0.026019 1171182.699442 1267439.351031 96256.651588 120.233908 206.242953 1.922046 208.164998 30613.432921 25869.098116 0.419335 0.509295 1186.710987 3.286519 997.939352 16.000073 5.032464 0.784036 0.254209 5.660880 22.422145 0.188767 0.007056 
MP35 84.959517 0.172886 0.203492 0.026025 1171212.352481 1267474.566914 96262.214433 120.237371 202.269961 1.936703 204.206664 30620.813345 26015.294998 0.429873 0.509396 1216.550737 3.287222 997.937712 16.000073 4.627300 0.790015 0.248026 5.386729 22.429258 0.193511 0.007057 
MP36 85.117510 0.174503 0.205014 0.026068 1171194.910998 1267461.562888 96266.651890 120.236844 198.395093 1.927971 200.323065 30671.601316 26106.903242 0.439751 0.510242 1244.502537 3.292673 997.942496 16.000073 4.232144 0.786454 0.242858 5.147371 22.408614 0.197957 0.007069 
MP37 85.467716 0.177181 0.207308 0.026022 1171103.761730 1267373.642378 96269.880647 120.225309 194.469731 1.921154 196.390885 30614.459009 26165.478753 0.449584 0.509364 1272.268399 3.286847 997.944706 14.999912 4.831998 0.783673 0.237137 4.924757 22.398994 0.202384 0.007057 
MP38 85.605786 0.172245 0.201208 0.026051 1171217.286613 1267491.280621 96273.994008 120.238653 190.597431 1.910762 192.508193 30652.591138 26240.391611 0.459939 0.509915 1301.644767 3.290589 997.940644 14.999912 4.437104 0.779434 0.232049 4.705450 22.416640 0.207045 0.007065 
MP39 85.692583 0.183106 0.213677 0.026045 1171036.227904 1267309.489287 96273.261383 120.220246 186.696464 1.905602 188.602067 30640.528324 26256.660301 0.469792 0.509833 1329.426771 3.289807 997.937656 14.000041 5.039156 0.777329 0.227146 4.510155 22.429349 0.211480 0.007063 
MP40 85.688956 0.178348 0.208134 0.026022 1171158.605692 1267435.197936 96276.592243 120.231941 182.668903 1.902287 184.571189 30615.648765 26234.229764 0.479618 0.509346 1357.299812 3.286822 997.936072 14.000041 4.628428 0.775976 0.222280 4.327278 22.436302 0.215904 0.007057 
MP41 85.705848 0.181901 0.212239 0.026009 1171097.745111 1267374.014793 96276.269682 120.224910 178.913023 1.897111 180.810135 30599.416190 26225.489086 0.489446 0.509119 1385.071550 3.285263 997.938485 12.999879 5.245567 0.773865 0.217719 4.155261 22.425839 0.220328 0.007054 
MP42 85.444899 0.182297 0.213351 0.026042 1171204.397453 1267479.894012 96275.496558 120.237000 174.867474 1.883813 176.751287 30641.067451 26181.229049 0.499815 0.509734 1414.486570 3.289399 997.940112 12.999879 4.833005 0.768441 0.213460 3.984593 22.418926 0.224996 0.007062 
MP43 85.078835 0.181144 0.212914 0.026040 1171087.320919 1267364.726534 96277.405615 120.224676 170.691063 1.871889 172.562953 30635.317277 26064.170964 0.509683 0.509716 1442.340289 3.289111 997.942309 12.999879 4.407097 0.763577 0.209320 3.831790 22.409335 0.229438 0.007062 
MP44 84.672320 0.182868 0.215971 0.026035 1171124.683539 1267404.264226 96279.580687 120.229269 166.565202 1.860898 168.426099 30630.445528 25935.508945 0.519614 0.509610 1470.472024 3.288490 997.934110 12.000008 4.986215 0.759093 0.205276 3.686728 22.444729 0.233909 0.007060 
MP45 84.904246 0.199809 0.235335 0.023024 1172066.018062 1268347.609392 96281.591330 120.205088 147.559025 1.792898 149.351923 27082.993485 22994.611289 0.519583 0.450725 1470.234592 2.908214 997.935959 9.999975 5.048009 0.731355 0.181568 3.690876 22.437685 0.233894 0.006245 
MP46 85.426359 0.196470 0.229987 0.023006 1172091.152344 1268368.792324 96277.639981 120.207481 151.282528 1.779018 153.061546 27062.096254 23118.163563 0.509709 0.450365 1442.310015 2.905924 997.931765 11.000137 4.427568 0.725693 0.184937 3.835276 22.455769 0.229450 0.006240 
MP47 85.846332 0.196677 0.229103 0.023007 1172139.381800 1268415.455911 96276.074111 120.212083 155.059138 1.779101 156.838239 27064.080362 23233.520313 0.499908 0.450371 1414.602570 2.906018 997.934717 11.000137 4.812704 0.725727 0.188566 3.987141 22.443095 0.225038 0.006240 
MP48 85.865940 0.197694 0.230235 0.023019 1172005.788932 1268279.163227 96273.374295 120.198640 158.496095 1.776268 160.272363 27075.858044 23248.939996 0.489548 0.450642 1385.210898 2.907601 997.936888 11.000137 5.163203 0.724571 0.192672 4.157653 22.433605 0.220374 0.006243 
MP49 85.940129 0.187937 0.218684 0.022995 1172120.425673 1268394.198351 96273.772678 120.209511 161.795386 1.770454 163.565840 27049.392013 23246.282331 0.479615 0.450141 1357.163849 2.904498 997.936249 12.000008 4.499792 0.722199 0.196444 4.331699 22.436471 0.215902 0.006236 
MP50 85.884602 0.191342 0.222790 0.023008 1171980.029493 1268250.844446 96270.814953 120.196091 165.186878 1.771216 166.958094 27061.995860 23242.087382 0.469811 0.450427 1329.349059 2.906186 997.932693 12.000008 4.845654 0.722510 0.200671 4.514340 22.451650 0.211489 0.006240 
MP51 85.762202 0.193980 0.226183 0.023033 1171993.342418 1268258.586104 96265.243686 120.197861 168.711951 1.763095 170.475046 27091.997015 23234.693189 0.459969 0.450915 1301.509992 2.909352 997.937106 12.000008 5.205139 0.719198 0.205186 4.709560 22.432638 0.207059 0.006247 
MP52 85.664482 0.191761 0.223851 0.023004 1172088.408362 1268351.591385 96263.183023 120.206644 172.178482 1.758118 173.936599 27059.616044 23180.479879 0.449747 0.450327 1272.631970 2.905667 997.935762 12.999879 4.558783 0.717167 0.209576 4.926126 22.438518 0.202457 0.006239 
MP53 85.361711 0.181177 0.212246 0.023011 1171989.954398 1268254.911008 96264.956610 120.196731 175.546480 1.755378 177.301858 27066.177513 23104.152136 0.439776 0.450492 1244.365984 2.906608 997.936856 12.999879 4.902249 0.716050 0.214406 5.152025 22.433713 0.197969 0.006241 
MP54 85.113478 0.182240 0.214115 0.022983 1171961.081757 1268230.100723 96269.018966 120.192533 178.902808 1.760879 180.663687 27031.982775 23007.860578 0.429801 0.449945 1216.120896 2.903033 997.938421 12.999879 5.244526 0.718294 0.219116 5.393980 22.426945 0.193479 0.006234 
MP55 84.598404 0.183334 0.216711 0.023013 1172010.247261 1268280.447522 96270.200261 120.198333 182.501234 1.755796 184.257030 27068.514566 22899.531344 0.419425 0.450519 1186.790083 2.906807 997.941280 14.000041 4.611329 0.716220 0.224823 5.664114 22.414662 0.188808 0.006242 
MP56 84.670769 0.197519 0.233279 0.020029 1173317.589936 1269595.621406 96278.031470 120.227692 158.689811 1.694863 160.384674 23564.275986 19952.053761 0.419782 0.392053 1187.944423 2.529885 997.939194 11.000137 5.182958 0.691365 0.195481 5.659429 22.424952 0.188968 0.005432 
MP57 84.915819 0.203854 0.240066 0.020036 1173335.350255 1269612.360130 96277.009875 120.229604 155.433673 1.703475 157.137148 23572.675002 20016.930029 0.429847 0.392183 1216.438026 2.530744 997.940225 11.000137 4.850899 0.694877 0.190967 5.397480 22.420523 0.193499 0.005433 
MP58 85.392196 0.205705 0.240895 0.020007 1173282.831478 1269558.582045 96275.750568 120.223251 152.543452 1.699496 154.242948 23538.138039 20099.732974 0.439736 0.391639 1244.389538 2.527168 997.940761 11.000137 4.556156 0.693255 0.186413 5.157493 22.418157 0.197951 0.005426 
MP59 85.590823 0.201187 0.235056 0.020017 1173371.320384 1269645.881735 96274.561351 120.232386 149.582961 1.696172 151.279133 23551.084729 20157.567170 0.449624 0.391809 1272.419952 2.528361 997.942549 9.999975 5.254409 0.691899 0.182393 4.933128 22.410525 0.202402 0.005428 
MP60 85.814377 0.202249 0.235682 0.020025 1173271.856951 1269548.762534 96276.905582 120.222635 146.630954 1.690015 148.320969 23558.844581 20216.875608 0.459959 0.391987 1301.615964 2.529403 997.941350 9.999975 4.953365 0.689387 0.178375 4.713910 22.415606 0.207054 0.005431 
MP61 85.897797 0.207359 0.241402 0.020019 1173266.906037 1269549.265328 96282.359291 120.222354 143.664956 1.683749 145.348705 23551.934435 20230.592840 0.469684 0.391874 1329.134178 2.528675 997.937918 9.000104 5.650765 0.686831 0.174632 4.520735 22.430413 0.211432 0.005429 
MP62 85.915975 0.203438 0.236787 0.020023 1173405.129917 1269691.656729 96286.526811 120.236378 140.711700 1.687877 142.399577 23559.540380 20241.408786 0.479640 0.391932 1357.386168 2.529192 997.939867 9.000104 5.349594 0.688515 0.171032 4.335010 22.422151 0.215914 0.005430 
MP63 85.957964 0.211456 0.245999 0.020019 1173289.947331 1269575.298147 96285.350816 120.224456 137.880191 1.685977 139.566168 23551.863518 20244.702313 0.489481 0.391862 1385.168556 2.528618 997.939898 9.000104 5.060838 0.687740 0.167564 4.162450 22.421904 0.220344 0.005429 
MP64 85.831642 0.216038 0.251700 0.020014 1173282.657762 1269566.775711 96284.117949 120.224239 134.755072 1.677582 136.432654 23546.227203 20210.113416 0.499868 0.391772 1414.561403 2.528032 997.934243 9.000104 4.742140 0.684315 0.164044 3.991264 22.446270 0.225020 0.005428 
MP65 85.380254 0.214175 0.250849 0.020022 1173201.423682 1269486.815986 96285.392304 120.216212 131.477079 1.671795 133.148874 23553.893887 20110.374469 0.509685 0.391939 1442.294815 2.529025 997.934086 7.999943 5.408013 0.681955 0.160953 3.838981 22.446867 0.229439 0.005430 
MP66 85.000137 0.213961 0.251718 0.020021 1173262.732503 1269547.277807 96284.545304 120.222011 128.360862 1.667115 130.027977 23553.998408 20020.930837 0.519585 0.391911 1470.343620 2.528905 997.937712 7.999943 5.090223 0.680046 0.157875 3.694090 22.431302 0.233895 0.005430 
MP67 84.586913 0.233128 0.275608 0.017016 1173692.389199 1269975.484896 96283.095697 120.175431 108.328452 1.601645 109.930097 20011.066557 16926.743491 0.519697 0.333154 1470.375243 2.149347 997.937267 5.999910 5.047363 0.653339 0.134177 3.695286 22.433637 0.233946 0.004616 
MP68 84.946957 0.233215 0.274542 0.017017 1173725.910521 1270010.612291 96284.701770 120.179210 110.958296 1.598969 112.557265 20012.091007 16999.662325 0.509745 0.333156 1442.242018 2.149396 997.934409 5.999910 5.315553 0.652248 0.136797 3.840978 22.445988 0.229466 0.004616 
MP69 85.377359 0.238138 0.278924 0.017005 1174570.991874 1270856.186244 96285.194370 120.265991 113.760852 1.593997 115.354849 20012.956646 17086.533823 0.499744 0.332812 1414.456184 2.147951 997.928269 7.000071 4.601195 0.650219 0.139391 3.996265 22.473247 0.224964 0.004611 
MP70 85.726789 0.236649 0.276050 0.017000 1174514.986945 1270798.391591 96283.404646 120.260128 116.625953 1.593707 118.219660 20006.310202 17150.767337 0.489479 0.332726 1385.368249 2.147342 997.928329 7.000071 4.893376 0.650101 0.142277 4.165644 22.472932 0.220343 0.004610 
MP71 85.650210 0.226609 0.264575 0.017021 1174545.329369 1270825.903403 96280.574034 120.263703 119.099248 1.588191 120.687439 20031.446918 17156.976421 0.479637 0.333129 1357.531962 2.149974 997.929180 7.000071 5.145601 0.647851 0.145373 4.338337 22.469292 0.215912 0.004615 
MP72 85.639246 0.227419 0.265555 0.017018 1174545.314431 1270827.368777 96282.054346 120.263694 121.621448 1.584422 123.205870 20027.645222 17151.524425 0.469683 0.333066 1329.360315 2.149568 997.928502 7.000071 5.402814 0.646314 0.148425 4.524164 22.472216 0.211432 0.004614 
MP73 85.526031 0.230404 0.269397 0.017006 1174587.264894 1270871.350088 96284.085194 120.267099 124.064440 1.578367 125.642807 20013.769471 17116.982658 0.459639 0.332820 1300.951070 2.148008 997.932987 7.999943 4.652077 0.643844 0.151556 4.724059 22.452952 0.206910 0.004611 
MP74 85.501331 0.228306 0.267021 0.016978 1174529.313588 1270816.178404 96286.864816 120.260822 126.655616 1.568537 128.224152 19980.168444 17083.309856 0.449512 0.332288 1272.253233 2.144521 997.929596 7.999943 4.916323 0.639834 0.154723 4.939354 22.467498 0.202351 0.004604 
MP75 84.965663 0.221453 0.260638 0.017024 1174587.599934 1270875.132607 96287.532672 120.267928 129.062218 1.566712 130.628930 20035.245976 17023.079492 0.439668 0.333174 1244.429049 2.150303 997.930569 7.999943 5.161747 0.639089 0.158609 5.162953 22.463369 0.197920 0.004616 
MP76 84.811464 0.216720 0.255531 0.016988 1174495.634567 1270786.536016 96290.901449 120.257308 131.554464 1.562856 133.117321 19990.862047 16954.542710 0.429731 0.332480 1216.250118 2.145725 997.932388 9.000104 4.415744 0.637517 0.161939 5.404529 22.455453 0.193447 0.004606 
MP77 84.227328 0.207709 0.246605 0.017003 1174501.831746 1270793.870500 96292.038754 120.258436 134.039953 1.552747 135.592699 20008.970087 16853.020771 0.419358 0.332776 1186.896452 2.147650 997.931779 9.000104 4.669213 0.633393 0.166092 5.675192 22.458084 0.188777 0.004610 
MP78 83.445549 0.232095 0.278140 0.013989 1175251.101026 1271533.556808 96282.455782 120.258813 109.103856 1.490311 110.594167 16462.126234 13736.911582 0.419082 0.273786 1186.119006 1.766944 997.933449 5.999910 5.126438 0.607924 0.136739 5.686250 22.451603 0.188653 0.003793 
MP79 83.959175 0.244458 0.291163 0.013967 1175224.080513 1271502.979871 96278.899358 120.255683 106.838643 1.501053 108.339696 16435.468503 13799.083774 0.429745 0.273353 1216.281279 1.764130 997.932302 5.999910 4.895433 0.612306 0.133136 5.407604 22.456513 0.193453 0.003787 
MP80 84.156857 0.247154 0.293682 0.013998 1175168.380594 1271450.033845 96281.653252 120.250185 104.910261 1.493389 106.403650 16472.301271 13862.571055 0.439588 0.273983 1244.109602 1.768157 997.936716 5.000039 5.698649 0.609180 0.130455 5.168127 22.437448 0.197884 0.003796 
MP81 84.375232 0.253833 0.300839 0.013987 1175161.335264 1271444.154664 96282.819400 120.248821 102.728361 1.497805 104.226166 16458.416407 13886.826965 0.449559 0.273756 1272.323774 1.766681 997.939858 5.000039 5.476140 0.610981 0.127456 4.941414 22.423897 0.202373 0.003793 
MP82 84.436371 0.259979 0.307899 0.014004 1175224.413420 1271506.391216 96281.977797 120.256357 100.629679 1.495015 102.124693 16480.005650 13915.118651 0.459730 0.274091 1301.150491 1.768898 997.934123 5.000039 5.262117 0.609843 0.124788 4.725168 22.448674 0.206951 0.003797 
MP83 84.633152 0.254672 0.300912 0.013985 1175301.754384 1271586.197679 96284.443296 120.264856 98.565337 1.499991 100.065328 16458.122809 13929.028164 0.469644 0.273701 1329.255833 1.766439 997.925493 5.000039 5.051597 0.611873 0.121980 4.527803 22.485902 0.211414 0.003792 
MP84 84.472235 0.260059 0.307863 0.013998 1175199.438023 1271483.981678 96284.543655 120.254816 96.364682 1.510915 97.875598 16472.108273 13914.358061 0.479665 0.273968 1357.563431 1.768090 997.924506 5.000039 4.827175 0.616329 0.119548 4.340572 22.490044 0.215925 0.003796 
MP85 84.374647 0.270175 0.320209 0.014001 1175386.210153 1271673.413238 96287.203084 120.273352 94.342767 1.515124 95.857891 16478.945860 13904.052425 0.489361 0.274017 1385.112050 1.768542 997.929755 3.999877 5.621144 0.618046 0.117201 4.170270 22.467649 0.220290 0.003796 
MP86 84.312846 0.267752 0.317569 0.013991 1175216.590122 1271506.630242 96290.040121 120.256800 92.222512 1.517765 93.740277 16463.934560 13881.211772 0.499629 0.273826 1414.075279 1.767189 997.921236 3.999877 5.404921 0.619123 0.114712 4.000644 22.504132 0.224912 0.003794 
MP87 83.917082 0.264941 0.315718 0.014001 1175217.687005 1271508.091016 96290.404011 120.257029 90.030254 1.512969 91.543223 16475.559323 13825.808597 0.509577 0.274018 1442.233985 1.768432 997.922129 3.999877 5.181356 0.617167 0.112552 3.845950 22.500295 0.229390 0.003796 
MP88 83.417445 0.270913 0.324768 0.013992 1175241.809908 1271531.627351 96289.817442 120.259563 87.690949 1.518706 89.209655 16466.206806 13735.688963 0.519493 0.273855 1470.313589 1.767394 997.920000 3.999877 4.942795 0.619507 0.110337 3.700539 22.509466 0.233854 0.003794 
MP89 81.255772 0.325699 0.400832 0.011015 1176142.679985 1272433.459361 96290.779377 120.290906 66.946374 1.487170 68.433544 12966.136855 10535.734619 0.519374 0.215559 1470.168698 1.391351 997.921258 0.999973 5.827179 0.606643 0.086870 3.704100 22.504937 0.233801 0.002986 
MP90 81.843190 0.319525 0.390412 0.011012 1176030.987784 1272332.548020 96301.560236 120.279588 68.751228 1.488023 70.239251 12961.000340 10607.696187 0.509502 0.215505 1442.157129 1.390933 997.919973 2.000135 5.011075 0.606991 0.088530 3.849030 22.510371 0.229357 0.002986 
MP91 82.063153 0.329194 0.401147 0.011014 1175962.116725 1272267.016636 96304.899911 120.271794 70.340849 1.483667 71.824516 12962.350348 10637.313413 0.499664 0.215547 1414.264464 1.391159 997.926512 2.000135 5.173184 0.605214 0.090291 4.002090 22.482199 0.224928 0.002986 
MP92 82.545078 0.320563 0.388348 0.011022 1176042.473052 1272347.658830 96305.185778 120.280228 72.347270 1.478681 73.825951 12972.601723 10708.244187 0.489343 0.215695 1385.098315 1.392162 997.925851 2.000135 5.377798 0.603180 0.092259 4.172697 22.485123 0.220282 0.002988 
MP93 82.715143 0.321789 0.389032 0.011015 1176087.455950 1272391.983598 96304.527648 120.284792 73.978738 1.475191 75.453929 12965.484663 10724.419224 0.479499 0.215564 1357.260798 1.391346 997.925163 2.000135 5.544174 0.601756 0.094096 4.345787 22.488125 0.215850 0.002987 
MP94 82.822759 0.313719 0.378783 0.010933 1175884.595310 1272188.491163 96303.895853 120.262565 75.093657 1.463005 76.556662 12866.699891 10656.555816 0.469645 0.213981 1329.245675 1.381001 997.925442 2.499925 5.158083 0.596786 0.095365 4.530117 22.486726 0.211414 0.002965 
MP95 82.939584 0.309771 0.373490 0.010913 1176034.161173 1272339.425243 96305.264070 120.277387 76.718364 1.453019 78.171383 12844.005727 10652.764874 0.459752 0.213564 1301.325462 1.378394 997.926235 3.500087 4.323607 0.592712 0.097227 4.727189 22.483461 0.206961 0.002959 
MP96 82.669841 0.299252 0.361984 0.010948 1175912.240712 1272215.069123 96302.828411 120.265849 78.494634 1.437601 79.932235 12883.744335 10650.970980 0.449570 0.214256 1272.443857 1.382795 997.923733 3.500087 4.504750 0.586423 0.099751 4.943718 22.494099 0.202377 0.002968 
MP97 82.487631 0.305158 0.369944 0.010929 1175947.561376 1272242.245996 96294.684621 120.269288 79.976324 1.427007 81.403331 12862.300730 10609.807187 0.439733 0.213891 1244.619775 1.380455 997.922415 3.500087 4.655852 0.582101 0.101809 5.167389 22.499784 0.197949 0.002963 
MP98 82.304190 0.293029 0.356032 0.010920 1176048.362599 1272336.196008 96287.833410 120.279328 81.647933 1.417591 83.065524 12853.371335 10578.863223 0.429659 0.213715 1216.156803 1.379381 997.923319 3.500087 4.826322 0.578261 0.104110 5.412554 22.495979 0.193414 0.002961 
MP99 81.832474 0.283967 0.347010 0.010953 1175955.883268 1272240.917815 96285.034547 120.270116 83.384106 1.403405 84.787510 12890.917495 10548.956656 0.419759 0.214363 1188.089090 1.383512 997.926177 3.500087 5.003376 0.572474 0.106889 5.670847 22.483598 0.188958 0.002970 
