MP_Name eta e.eta f.eta Q_A p_Duese_rel p_Duese_abs p_amb H_tot M_Generator M_Lager M_mech P_hyd P_mech ku kcm n_rpm v_ME rho Masse_Aufgelegt Masse_Generator_Sensor Masse_Lager_Sensor phi psi T_Water n_ED Q_ED 
[] [%] [%] [%] [m^3/s] [Pa(r)] [Pa(a)] [Pa(a)] [m] [Nm] [Nm] [Nm] [W] [W] [-] [-] [rpm] [m/s] [kg/m^3] [kg] [kg] [kg] [-] [-] [°C] [-] [-] 
MP01 83.754923 0.162198 0.193657 0.034974 1167216.173098 1263697.480396 96481.307297 120.262030 221.513938 2.321371 223.835309 41162.643830 34475.740616 0.519663 0.684492 1470.809378 4.417599 998.030235 18.499896 4.089967 0.946928 0.275695 3.672385 22.023343 0.233930 0.009483 
MP02 84.007981 0.162262 0.193150 0.034995 1167144.799919 1263625.835823 96481.035904 120.255760 226.699030 2.349045 229.048074 41185.697091 34599.272501 0.509669 0.684928 1442.486324 4.420296 998.031848 18.499896 4.618740 0.958217 0.281280 3.817775 22.016192 0.229432 0.009489 
MP03 84.309671 0.165805 0.196662 0.034989 1167050.825092 1263530.236765 96479.411672 120.245854 232.074282 2.347029 234.421310 41174.744141 34714.291185 0.499663 0.684831 1414.108050 4.419487 998.031334 19.500058 4.166743 0.957395 0.286872 3.972224 22.018352 0.224927 0.009488 
MP04 84.437655 0.157891 0.186992 0.035035 1167064.409970 1263544.925955 96480.515984 120.249718 237.626290 2.342652 239.968942 41230.397350 34813.980639 0.489506 0.685723 1385.383554 4.425313 998.032605 19.500058 4.732933 0.955609 0.293206 4.138695 22.012787 0.220355 0.009500 
MP05 84.667211 0.161111 0.190287 0.034984 1167010.843232 1263491.258165 96480.414933 120.241392 242.782618 2.334939 245.117557 41167.660207 34855.509554 0.479812 0.684751 1357.901910 4.418887 998.032226 20.499929 4.258902 0.952463 0.298706 4.307714 22.014398 0.215991 0.009487 
MP06 84.705254 0.160251 0.189187 0.034992 1167011.751617 1263491.299634 96479.548017 120.241931 248.194320 2.328989 250.523309 41176.994108 34879.077301 0.469775 0.684901 1329.499659 4.419869 998.032196 21.500091 3.810622 0.950036 0.305155 4.493736 22.014531 0.211473 0.009489 
MP07 84.670706 0.155074 0.183150 0.034963 1166857.711978 1263334.900665 96477.188687 120.224593 253.265462 2.311380 255.576842 41136.915978 34830.917105 0.459883 0.684383 1301.411955 4.416206 998.031758 21.500091 4.327774 0.942853 0.311482 4.689184 22.016296 0.207020 0.009482 
MP08 84.460971 0.161655 0.191396 0.034997 1166813.851574 1263292.217921 96478.366347 120.222118 258.679713 2.304157 260.983870 41176.190536 34777.810502 0.449674 0.685058 1272.506332 4.420515 998.031212 22.499962 3.880045 0.939907 0.318869 4.904457 22.018650 0.202424 0.009491 
MP09 84.267852 0.159228 0.188955 0.035002 1166786.771317 1263263.739726 96476.968410 120.219470 263.932861 2.296209 266.229070 41181.195992 34702.509456 0.439865 0.685163 1244.734678 4.421144 998.032590 22.499962 4.415758 0.936664 0.326030 5.125622 22.012573 0.198009 0.009493 
MP10 83.881774 0.153930 0.183509 0.035020 1166953.128489 1263428.457335 96475.328846 120.237671 269.089969 2.285992 271.375961 41209.071762 34566.900572 0.429803 0.685472 1216.355291 4.423473 998.031319 23.500123 3.941516 0.932497 0.333812 5.368361 22.018314 0.193479 0.009497 
MP11 83.563610 0.153959 0.184242 0.035008 1166850.502497 1263326.119962 96475.617465 120.226493 274.664125 2.276370 276.940495 41190.331960 34420.128436 0.419399 0.685256 1186.854289 4.421873 998.031068 23.500123 4.509965 0.928572 0.341986 5.638060 22.019312 0.188796 0.009494 
MP12 84.247858 0.158236 0.187822 0.032011 1168671.472395 1265147.117722 96475.645327 120.249087 253.042800 2.217504 255.260303 37671.387480 31737.336856 0.419515 0.626536 1187.294845 4.043344 998.031787 21.500091 4.305067 0.904559 0.312594 5.642665 22.017967 0.188848 0.008680 
MP13 84.647406 0.164553 0.194398 0.032000 1168838.359324 1265313.069565 96474.710241 120.265661 248.025717 2.218730 250.244446 37663.833717 31881.458244 0.429837 0.626282 1216.592436 4.041979 998.031081 21.500091 3.793428 0.905059 0.304964 5.374939 22.021233 0.193495 0.008677 
MP14 84.865650 0.160249 0.188827 0.032022 1168603.775621 1265078.353058 96474.577436 120.242984 243.223742 2.210860 245.434602 37682.119814 31979.176037 0.439645 0.626764 1244.236281 4.044710 998.029688 20.499929 4.303887 0.901849 0.298390 5.137732 22.027111 0.197910 0.008683 
MP15 85.010579 0.165988 0.195255 0.032027 1168631.178505 1265107.212944 96476.034440 120.246269 238.217967 2.202083 240.420050 37689.715062 32040.245003 0.449666 0.626866 1272.613505 4.045421 998.028087 20.499929 3.793401 0.898269 0.291787 4.911284 22.034165 0.202421 0.008685 
MP16 85.264824 0.163906 0.192232 0.032010 1168615.162724 1265091.981785 96476.819061 120.243496 233.488414 2.185534 235.673948 37668.363757 32117.863885 0.459838 0.626531 1301.386982 4.043215 998.029976 19.500058 4.310955 0.891518 0.285180 4.696436 22.025863 0.207000 0.008680 
MP17 85.374705 0.171519 0.200902 0.032010 1168574.821941 1265052.693937 96477.871997 120.239753 228.752705 2.174104 230.926808 37667.045592 32158.128919 0.469887 0.626540 1329.804508 4.043212 998.026803 19.500058 3.828010 0.886855 0.279086 4.497717 22.039741 0.211523 0.008680 
MP18 85.324223 0.165920 0.194458 0.032017 1168577.353365 1265059.847369 96482.494004 120.240272 223.945067 2.163667 226.108735 37675.379654 32146.224921 0.479721 0.626674 1357.638114 4.044086 998.027635 18.499896 4.337892 0.882598 0.273423 4.315193 22.036105 0.215950 0.008682 
MP19 85.100574 0.165591 0.194583 0.032014 1168501.038252 1264983.894329 96482.856077 120.232519 218.792993 2.155862 220.948856 37669.028154 32056.559229 0.489570 0.626630 1385.468101 4.043672 998.025833 18.499896 3.812487 0.879414 0.267904 4.143312 22.043931 0.220384 0.008682 
MP20 84.777518 0.169804 0.200294 0.032034 1168529.256310 1265013.069839 96483.813530 120.236631 213.675579 2.114294 215.789873 37693.913150 31955.964151 0.499693 0.627013 1414.139483 4.046211 998.024318 17.500025 4.290487 0.862458 0.262637 3.977108 22.050602 0.224941 0.008687 
MP21 84.776778 0.168480 0.198734 0.032012 1168442.753077 1264923.833664 96481.080587 120.226834 209.241935 2.088153 211.330089 37664.962683 31931.141634 0.509863 0.626609 1442.860995 4.043439 998.022769 17.500025 3.838346 0.851795 0.257232 3.820070 22.057298 0.229519 0.008681 
MP22 84.394234 0.175818 0.208329 0.032015 1168382.375862 1264861.267586 96478.891724 120.220839 204.268840 2.064774 206.333614 37667.113661 31788.871950 0.519896 0.626692 1471.216252 4.043872 998.022804 16.499864 4.331354 0.842258 0.252302 3.674048 22.057080 0.234035 0.008682 
MP23 85.174023 0.176693 0.207449 0.029020 1169572.794930 1266055.920088 96483.125158 120.193787 186.802908 1.983568 188.786476 34135.536257 29074.609546 0.519760 0.568127 1470.667155 3.665554 998.022581 14.500121 4.549931 0.809132 0.228783 3.680539 22.059250 0.233974 0.007871 
MP24 85.598949 0.175423 0.204936 0.029021 1169635.559606 1266116.111316 96480.551710 120.200259 191.463721 1.971606 193.435327 34138.962915 29222.593391 0.509837 0.568138 1442.627959 3.665724 998.022621 15.499993 4.025366 0.804253 0.233241 3.825206 22.059131 0.229507 0.007871 
MP25 85.760329 0.180463 0.210427 0.029038 1169613.956307 1266095.724099 96481.767791 120.198767 195.754915 1.967608 197.722522 34157.990604 29294.005235 0.500004 0.568465 1414.796558 3.667811 998.023165 15.499993 4.462980 0.802622 0.237964 3.977107 22.056727 0.225081 0.007876 
MP26 85.859675 0.178264 0.207623 0.029057 1169646.158589 1266129.780332 96483.621742 120.202903 200.217797 1.964249 202.182046 34181.236239 29347.898178 0.489867 0.568822 1386.135857 3.670179 998.023501 15.499993 4.918102 0.801252 0.243042 4.143387 22.055289 0.220517 0.007881 
MP27 86.072765 0.174400 0.202619 0.029027 1169561.672594 1266046.561621 96484.889027 120.193125 204.755313 1.958232 206.713545 34143.496773 29388.251791 0.479806 0.568264 1357.613658 3.666433 998.021362 16.499864 4.380964 0.798797 0.247894 4.319010 22.064581 0.215989 0.007873 
MP28 86.049017 0.171755 0.199602 0.029040 1169534.451454 1266019.370245 96484.918791 120.191107 209.182309 1.957937 211.140246 34158.711885 29393.235788 0.469830 0.568533 1329.375766 3.668132 998.020296 17.500025 3.832266 0.798677 0.253277 4.504343 22.069221 0.211498 0.007877 
MP29 86.004146 0.177312 0.206166 0.029043 1169535.620022 1266022.228749 96486.608727 120.191306 213.680535 1.952946 215.633481 34161.909009 29380.657953 0.459843 0.568584 1301.118061 3.668468 998.020678 17.500025 4.290992 0.796641 0.258802 4.702122 22.067555 0.207002 0.007877 
MP30 85.769036 0.174165 0.203063 0.029033 1169461.487616 1265948.223085 96486.735469 120.183222 217.864235 1.950863 219.815098 34148.050585 29288.453889 0.449695 0.568411 1272.360887 3.667225 998.021045 17.500025 4.717643 0.795792 0.264561 4.916760 22.065875 0.202434 0.007875 
MP31 85.591879 0.173284 0.202453 0.029038 1169550.050861 1266037.430386 96487.379525 120.192568 222.364436 1.945032 224.309468 34156.084595 29234.834594 0.439861 0.568478 1244.584588 3.667805 998.020382 18.499896 4.176700 0.793413 0.270509 5.139063 22.068867 0.198007 0.007876 
MP32 85.380904 0.184348 0.215913 0.029033 1169545.390544 1266034.403523 96489.012979 120.192076 226.889928 1.948119 228.838047 34150.330025 29157.860491 0.430022 0.568387 1216.742852 3.667209 998.018655 18.499896 4.638207 0.794672 0.276653 5.376927 22.076428 0.193578 0.007875 
MP33 84.864346 0.164820 0.194216 0.029034 1169380.409735 1265868.916025 96488.506291 120.175206 231.102812 1.938865 233.041677 34146.280475 28978.017463 0.419690 0.568439 1187.425731 3.667287 998.018993 19.500058 4.067673 0.790897 0.283490 5.644916 22.074782 0.188927 0.007875 
MP34 85.421581 0.180483 0.211285 0.026059 1171548.276352 1268037.094766 96488.818415 120.263500 208.651122 1.890627 210.541749 30670.464256 26199.195543 0.419840 0.510015 1188.286358 3.291571 998.018219 16.499864 4.778257 0.771220 0.254262 5.647196 22.080320 0.188994 0.007066 
MP35 85.771367 0.184757 0.215406 0.026058 1171534.682937 1268023.983100 96489.300163 120.261939 204.542375 1.902136 206.444511 30668.734594 26304.993023 0.429904 0.509996 1216.763666 3.291425 998.019251 16.499864 4.359249 0.775915 0.248300 5.385886 22.075792 0.193525 0.007066 
MP36 86.110526 0.181181 0.210406 0.026042 1171525.153504 1268016.102515 96490.949011 120.260563 200.593011 1.898688 202.491699 30649.231844 26392.214606 0.439752 0.509681 1244.629217 3.289377 998.016874 16.499864 3.956495 0.774508 0.242590 5.147390 22.086187 0.197958 0.007061 
MP37 86.251060 0.184023 0.213357 0.026040 1171563.643633 1268055.374906 96491.731273 120.264038 196.481731 1.893261 198.374991 30648.601570 26434.743789 0.449595 0.509647 1272.505203 3.289204 998.020207 15.499993 4.537100 0.772294 0.237263 4.924485 22.071638 0.202389 0.007061 
MP38 86.555747 0.177350 0.204896 0.026036 1171632.099709 1268124.605172 96492.505463 120.271346 192.761296 1.882334 194.643631 30645.364410 26525.324079 0.459770 0.509549 1301.343311 3.288670 998.016104 15.499993 4.157692 0.767837 0.231968 4.708942 22.089666 0.206969 0.007059 
MP39 86.664736 0.189677 0.218863 0.026032 1171607.818704 1268100.632907 96492.814203 120.268212 188.782516 1.883737 190.666253 30639.252217 26553.426990 0.469864 0.509465 1329.897380 3.288087 998.019920 14.500121 4.751811 0.768409 0.226947 4.508792 22.072940 0.211513 0.007058 
MP40 86.349408 0.186928 0.216479 0.026064 1171422.630833 1267916.160364 96493.529530 120.251127 184.453348 1.877585 186.330933 30673.259895 26486.178364 0.479613 0.510141 1357.393366 3.292217 998.016144 14.500121 4.310325 0.765900 0.222629 4.327310 22.089287 0.215902 0.007068 
MP41 86.382468 0.182421 0.211179 0.026032 1171531.292638 1268023.735425 96492.442787 120.260679 180.570932 1.869425 182.440357 30637.858646 26465.738303 0.489443 0.509491 1385.270169 3.288151 998.017709 13.499960 4.914559 0.762572 0.217880 4.155278 22.082545 0.220327 0.007059 
MP42 86.347412 0.189065 0.218958 0.026048 1171603.672851 1268096.691814 96493.018963 120.269319 176.894395 1.855084 178.749479 30658.260836 26472.614882 0.499661 0.509778 1414.241048 3.290120 998.012839 13.499960 4.539628 0.756722 0.213544 3.987044 22.103922 0.224927 0.007063 
MP43 86.045688 0.187910 0.218384 0.026036 1171527.394331 1268022.359198 96494.964867 120.260712 172.682775 1.844817 174.527592 30642.799173 26366.807305 0.509721 0.509574 1442.662791 3.288687 998.015607 13.499960 4.110129 0.752533 0.209246 3.831235 22.091744 0.229455 0.007060 
MP44 85.587425 0.197868 0.231188 0.026035 1171464.177614 1267960.148124 96495.970510 120.254272 168.441290 1.838931 170.280221 30639.614938 26223.657329 0.519613 0.509562 1470.619903 3.288524 998.014986 12.500089 4.677456 0.750132 0.205258 3.686756 22.094400 0.233908 0.007060 
MP45 86.105624 0.203742 0.236619 0.023008 1172561.487482 1269059.707274 96498.219792 120.246130 149.590596 1.783557 151.374153 27075.242463 23313.306539 0.519658 0.450331 1470.698097 2.906172 998.010784 10.500056 4.755106 0.727545 0.181383 3.689833 22.113861 0.233928 0.006239 
MP46 86.446343 0.197075 0.227974 0.023027 1172536.808250 1269032.079461 96495.271210 120.243473 153.332199 1.777546 155.109745 27097.313251 23424.636377 0.509570 0.450710 1442.132471 2.908584 998.017875 11.499927 4.136802 0.725093 0.185129 3.837348 22.082819 0.229387 0.006244 
MP47 86.731042 0.204186 0.235424 0.023021 1172460.264964 1268955.263004 96494.998040 120.234919 156.803401 1.774116 158.577517 27088.738286 23494.345015 0.499928 0.450614 1414.793679 2.907858 998.022184 11.499927 4.490793 0.723693 0.188660 3.986806 22.063879 0.225047 0.006243 
MP48 86.859908 0.199168 0.229298 0.023012 1172506.680861 1269001.922927 96495.242066 120.240202 160.351705 1.766706 162.118410 27079.121950 23520.900480 0.489551 0.450427 1385.456803 2.906719 998.014872 11.499927 4.852647 0.720671 0.192579 4.157629 22.095930 0.220375 0.006240 
MP49 86.855192 0.197913 0.227866 0.023039 1172538.183574 1269032.273067 96494.089493 120.244665 163.867238 1.758984 165.626222 27110.970834 23547.285734 0.479711 0.450933 1357.635355 2.910036 998.012703 12.500089 4.210997 0.717521 0.196750 4.329901 22.105444 0.215946 0.006247 
MP50 86.951914 0.199467 0.229399 0.023000 1172495.119306 1268990.816971 96495.697665 120.238801 167.308188 1.765877 169.074066 27064.209421 23532.847981 0.469652 0.450188 1329.134329 2.905158 998.012843 12.500089 4.561903 0.720333 0.200632 4.517421 22.104790 0.211418 0.006237 
MP51 86.838701 0.207808 0.239303 0.023020 1172464.875300 1268959.265263 96494.389963 120.236416 170.852824 1.757670 172.610494 27086.719847 23521.755632 0.459818 0.450576 1301.289484 2.907632 998.013081 12.500089 4.923383 0.716985 0.205100 4.712693 22.103719 0.206991 0.006242 
MP52 86.475657 0.199240 0.230400 0.023007 1172430.938331 1268928.870244 96497.931913 120.233033 173.963288 1.751900 175.715188 27071.546503 23410.297776 0.449559 0.450344 1272.239921 2.906098 998.008579 13.499960 4.240715 0.714631 0.209672 4.930243 22.123368 0.202373 0.006239 
MP53 86.250744 0.193492 0.224337 0.023005 1172407.927342 1268905.632791 96497.705449 120.230684 177.375765 1.747913 179.123678 27068.701123 23346.956172 0.439816 0.450311 1244.654037 2.905851 998.007953 13.499960 4.588718 0.713004 0.214301 5.151110 22.126078 0.197987 0.006239 
MP54 86.176013 0.198492 0.230334 0.023010 1172284.858377 1268781.009714 96496.151337 120.218135 181.380067 1.744028 183.124095 27070.908786 23328.629824 0.429892 0.450417 1216.508429 2.906388 998.009061 13.499960 4.997074 0.711420 0.219299 5.391651 22.121116 0.193520 0.006240 
MP55 85.560694 0.192433 0.224908 0.023033 1172437.914815 1268931.429061 96493.514246 120.234279 184.676383 1.741228 186.417612 27101.740508 23188.437207 0.419731 0.450838 1187.834466 2.909299 998.012046 14.500121 4.333070 0.710278 0.224818 5.655820 22.108216 0.188945 0.006246 
MP56 85.689797 0.197283 0.230229 0.020001 1173630.230580 1270122.668691 96492.438111 120.250395 160.675835 1.673672 162.349507 23537.688338 20169.397386 0.419179 0.391473 1186.351355 2.526377 998.008600 11.499927 4.885702 0.682720 0.195472 5.675756 22.124453 0.188697 0.005424 
MP57 86.133847 0.211687 0.245766 0.020010 1173678.129599 1270172.400256 96494.270657 120.255797 157.532580 1.681965 159.214545 23549.657935 20284.226322 0.429857 0.391646 1216.597974 2.527553 998.006904 11.499927 4.565154 0.686103 0.190701 5.397276 22.131913 0.193503 0.005426 
MP58 86.498510 0.216980 0.250848 0.020011 1173709.210578 1270203.020339 96493.809761 120.258996 154.640569 1.685981 156.326550 23550.494809 20370.827043 0.439661 0.391644 1244.363604 2.527576 998.006758 11.499927 4.270229 0.687741 0.186447 5.159241 22.132581 0.197917 0.005426 
MP59 86.569151 0.220369 0.254558 0.020037 1173826.973455 1270321.477794 96494.504339 120.271156 151.561294 1.681036 153.242330 23583.768460 20416.268060 0.449488 0.392136 1272.239851 2.530876 998.012789 10.500056 4.956077 0.685724 0.182600 4.936093 22.106343 0.202341 0.005433 
MP60 86.945831 0.209696 0.241180 0.020019 1173730.942939 1270227.378962 96496.436023 120.260408 148.627927 1.673753 150.301680 23560.805158 20485.137901 0.459848 0.391805 1301.506789 2.528630 998.015750 10.500056 4.656934 0.682754 0.178336 4.716194 22.093305 0.207005 0.005428 
MP61 87.021057 0.213883 0.245783 0.020010 1173682.185044 1270177.263910 96495.078866 120.254955 145.542615 1.679358 147.221972 23548.898683 20492.500585 0.469647 0.391634 1329.210328 2.527463 998.017163 9.499895 5.342457 0.685040 0.174538 4.521457 22.087069 0.211416 0.005426 
MP62 86.993331 0.214615 0.246703 0.020024 1173725.899705 1270219.276549 96493.376844 120.259899 142.507157 1.685699 144.192856 23566.400656 20501.196841 0.479707 0.391901 1357.709490 2.529238 998.017003 9.499895 5.032902 0.687626 0.170994 4.333795 22.087812 0.215944 0.005430 
MP63 87.009004 0.216113 0.248380 0.020021 1173598.002280 1270089.985229 96491.982949 120.246639 139.632285 1.681253 141.313538 23560.874977 20500.082670 0.489482 0.391873 1385.298058 2.528922 998.017917 9.499895 4.739724 0.685813 0.167568 4.162440 22.083683 0.220344 0.005429 
MP64 86.868682 0.222236 0.255830 0.020013 1173673.845982 1270165.433799 96491.587817 120.254280 136.471457 1.672254 138.143711 23553.060024 20460.232750 0.499724 0.391706 1414.330262 2.527925 998.016683 9.499895 4.417385 0.682142 0.164064 3.993570 22.089156 0.224955 0.005427 
MP65 86.754515 0.221744 0.255599 0.020000 1173701.327861 1270193.627664 96492.299803 120.256911 133.509947 1.671928 135.181875 23537.143734 20419.535005 0.509652 0.391430 1442.443340 2.526168 998.014382 8.500023 5.115244 0.682009 0.160754 3.839517 22.099249 0.229424 0.005423 
MP66 86.305864 0.220081 0.255002 0.020006 1173700.985602 1270194.577497 96493.591895 120.257197 130.321977 1.673657 131.995634 23545.346712 20321.014806 0.519435 0.391565 1470.134971 2.527044 998.013598 8.500023 4.790137 0.682714 0.157781 3.696238 22.102682 0.233828 0.005425 
MP67 85.889914 0.239389 0.278716 0.017026 1174098.823055 1270594.024750 96495.201695 120.207896 110.097530 1.626010 111.723541 20029.871039 17203.639078 0.519649 0.333306 1470.439005 2.150618 998.015012 6.499991 4.727691 0.663278 0.134250 3.695957 22.096894 0.233924 0.004618 
MP68 86.408688 0.245024 0.283565 0.017015 1174120.599266 1270616.750017 96496.150751 120.210136 112.895166 1.616588 114.511754 20016.667740 17296.140024 0.509718 0.333078 1442.349495 2.149166 998.012245 6.499991 5.012993 0.659435 0.136772 3.841397 22.109015 0.229453 0.004615 
MP69 86.622936 0.241466 0.278755 0.017007 1174040.446116 1270537.953173 96497.507057 120.201610 115.384300 1.612590 116.996891 20006.304573 17330.048481 0.499886 0.332941 1414.480093 2.148204 998.013280 7.499862 4.266962 0.657804 0.139405 3.993985 22.104415 0.225028 0.004613 
MP70 86.897005 0.240645 0.276931 0.016997 1173986.065704 1270480.737017 96494.671313 120.195588 118.172698 1.604905 119.777603 19993.494264 17373.747800 0.489525 0.332752 1385.125988 2.146933 998.014832 7.499862 4.551321 0.654669 0.142275 4.164863 22.097567 0.220364 0.004610 
MP71 86.981626 0.228045 0.262176 0.017001 1174138.726070 1270632.619316 96493.893246 120.212007 120.789170 1.595405 122.384574 20000.943664 17397.146081 0.479710 0.332810 1357.446463 2.147452 998.008962 7.499862 4.818148 0.650794 0.145211 4.337035 22.123375 0.215945 0.004611 
MP72 86.873867 0.247559 0.284964 0.017008 1174015.560238 1270509.124474 96493.564237 120.200313 123.270274 1.588318 124.858592 20007.169823 17381.002053 0.469791 0.332964 1329.314553 2.148342 998.003165 7.499862 5.071169 0.647903 0.148346 4.522096 22.148566 0.211480 0.004613 
MP73 86.683175 0.225274 0.259882 0.017014 1174011.834211 1270504.136261 96492.302050 120.199887 125.715259 1.585712 127.300971 20014.128673 17348.882185 0.459927 0.333081 1301.401080 2.149093 998.004917 8.500023 4.320346 0.646840 0.151580 4.718140 22.140911 0.207040 0.004615 
MP74 86.486218 0.226605 0.262013 0.017011 1174086.674740 1270578.509452 96491.834712 120.207367 128.322503 1.575634 129.898136 20011.618011 17307.291519 0.449637 0.333008 1272.323564 2.148688 998.005569 8.500023 4.586231 0.642729 0.155015 4.936571 22.138141 0.202408 0.004614 
MP75 86.286168 0.219194 0.254032 0.016999 1174085.152557 1270576.519396 96491.366840 120.207177 130.853417 1.568183 132.421600 19997.012936 17254.656085 0.439727 0.332766 1244.282113 2.147129 998.003012 8.500023 4.844333 0.639690 0.158394 5.161589 22.149296 0.197947 0.004610 
MP76 85.842799 0.222114 0.258745 0.017011 1174004.489563 1270496.046543 96491.556980 120.199134 133.272662 1.571478 134.844140 20010.431993 17177.514951 0.429911 0.333023 1216.465060 2.148711 998.004235 9.499895 4.091174 0.641034 0.162135 5.399971 22.143883 0.193528 0.004614 
MP77 85.381754 0.221341 0.259236 0.017008 1174121.171850 1270612.881844 96491.709995 120.210677 135.975662 1.557033 137.532695 20008.979686 17084.017738 0.419193 0.332950 1186.193237 2.148343 998.006729 9.499895 4.366824 0.635141 0.166245 5.679655 22.133110 0.188703 0.004613 
MP78 84.847677 0.242548 0.285862 0.013989 1174793.782040 1271287.818217 96494.036177 120.203267 110.893973 1.504778 112.398751 16455.711080 13962.288545 0.419216 0.273849 1186.223452 1.766941 998.006701 6.499991 4.808912 0.613826 0.136727 5.682619 22.133901 0.188714 0.003794 
MP79 85.386314 0.240962 0.282202 0.013981 1174804.826383 1271298.990939 96494.164556 120.204247 108.751684 1.510475 110.262159 16446.872399 14043.378110 0.429820 0.273698 1216.232146 1.765978 998.006497 6.499991 4.590443 0.616150 0.133281 5.405710 22.134802 0.193487 0.003792 
MP80 85.703610 0.252543 0.294670 0.013983 1174820.563833 1271312.292452 96491.728619 120.206048 106.685440 1.513036 108.198476 16449.237394 14097.590229 0.439705 0.273732 1244.214109 1.766208 998.005235 5.500119 5.379600 0.617194 0.130300 5.165375 22.140324 0.197937 0.003792 
MP81 85.757309 0.256796 0.299445 0.013976 1174788.817710 1271278.883041 96490.065331 120.202341 104.304057 1.522410 105.826467 16440.094995 14098.583128 0.449599 0.273592 1272.191690 1.765277 998.007692 5.500119 5.136748 0.621018 0.127368 4.940537 22.129561 0.202391 0.003790 
MP82 85.785399 0.261900 0.305296 0.014004 1174755.756365 1271245.650004 96489.893639 120.199726 102.192014 1.527183 103.719197 16473.219749 14131.617262 0.459814 0.274152 1301.080301 1.768874 998.006735 5.500119 4.921363 0.622965 0.124793 4.723449 22.133708 0.206989 0.003798 
MP83 86.111849 0.263700 0.306230 0.013980 1174635.354434 1271124.134102 96488.779668 120.186968 100.168137 1.534754 101.702891 16442.895164 14159.281045 0.469873 0.273691 1329.472282 1.765806 998.005919 5.500119 4.714970 0.626053 0.121917 4.523397 22.137148 0.211517 0.003792 
MP84 85.993447 0.263946 0.306938 0.013997 1174734.605198 1271223.002469 96488.397271 120.198084 98.063586 1.534933 99.598519 16464.949549 14158.777686 0.479761 0.274022 1357.513836 1.768020 998.001133 5.500119 4.500349 0.626126 0.119548 4.338839 22.158134 0.215968 0.003796 
MP85 85.945405 0.272379 0.316921 0.013991 1174859.103472 1271346.280408 96487.176936 120.211012 95.974208 1.547486 97.521694 16459.756438 14146.404261 0.489524 0.273892 1385.211890 1.767277 997.998302 4.499958 5.287436 0.631247 0.117108 4.167513 22.170599 0.220363 0.003795 
MP86 85.704571 0.282102 0.329156 0.013992 1174727.402694 1271214.089755 96486.687061 120.197319 93.670019 1.558566 95.228584 16458.954526 14106.076317 0.499911 0.273925 1414.523878 1.767388 998.000432 4.499958 5.052456 0.635766 0.114689 3.996126 22.161180 0.225039 0.003795 
MP87 85.341630 0.280059 0.328163 0.013999 1174780.324943 1271266.100907 96485.775964 120.202836 91.477084 1.559796 93.036880 16467.150872 14053.334900 0.509762 0.274042 1442.432964 1.768187 998.000714 4.499958 4.828822 0.636268 0.112520 3.843155 22.160001 0.229474 0.003797 
MP88 85.011689 0.276892 0.325711 0.013987 1174778.504628 1271263.878082 96485.373453 120.201711 89.265754 1.562687 90.828442 16453.788766 13987.643677 0.519719 0.273822 1470.598366 1.766758 998.006385 4.499958 4.603312 0.637448 0.110276 3.697327 22.135247 0.233956 0.003794 
MP89 83.113143 0.328070 0.394727 0.011019 1175601.781517 1272084.831419 96483.049902 120.226374 68.424116 1.539259 69.963376 12964.845042 10775.490229 0.519718 0.215695 1470.745961 1.391851 997.998749 1.500054 5.477798 0.627891 0.086867 3.699204 22.169375 0.233955 0.002988 
MP90 83.556726 0.328000 0.392548 0.011003 1175569.452046 1272051.114377 96481.662330 120.222496 70.074739 1.540805 71.615543 12945.817041 10817.100855 0.509697 0.215388 1442.364315 1.389850 998.001159 2.499925 4.646256 0.628521 0.088449 3.846101 22.158833 0.229444 0.002984 
MP91 84.080322 0.334969 0.398391 0.010989 1175568.293963 1272049.394612 96481.100649 120.221902 71.853582 1.537304 73.390886 12928.439067 10870.273251 0.499813 0.215100 1414.391742 1.387989 998.002919 2.499925 4.827662 0.627094 0.090077 3.999724 22.151151 0.224995 0.002980 
MP92 84.529012 0.340861 0.403247 0.010974 1175591.776365 1272073.508699 96481.732334 120.224042 73.685364 1.531342 75.216706 12911.307708 10913.800890 0.489629 0.214809 1385.584765 1.386125 998.002893 2.499925 5.014466 0.624662 0.091827 4.167848 22.151290 0.220410 0.002976 
MP93 84.385712 0.323034 0.382807 0.011010 1175485.389827 1271967.344014 96481.954188 120.213998 75.395018 1.517389 76.912407 12953.092696 10930.559437 0.479589 0.215532 1357.117251 1.390729 998.001433 2.499925 5.188815 0.618970 0.094064 4.344149 22.157551 0.215891 0.002986 
MP94 84.568541 0.314052 0.371358 0.011011 1175558.333384 1272040.583621 96482.250237 120.221295 77.178821 1.515933 78.694754 12954.136519 10955.124276 0.469766 0.215529 1329.360917 1.390755 998.002765 2.499925 5.370726 0.618376 0.096030 4.527724 22.151816 0.211469 0.002986 
MP95 84.530170 0.314210 0.371713 0.011019 1175543.913846 1272023.962293 96480.048447 120.220193 78.900917 1.508101 80.409017 12964.179147 10958.642668 0.459901 0.215700 1301.437732 1.391848 998.000970 3.500087 4.546183 0.615181 0.098167 4.724050 22.159626 0.207028 0.002988 
MP96 84.164793 0.319994 0.380200 0.011025 1175693.956779 1272173.613332 96479.656554 120.235408 80.443390 1.499402 81.942792 12972.119579 10917.957615 0.449589 0.215791 1272.336621 1.392522 998.002737 3.500087 4.703483 0.611633 0.100461 4.943242 22.152064 0.202386 0.002990 
MP97 84.326150 0.297180 0.352417 0.011005 1175644.022614 1272124.326834 96480.304220 120.230128 82.315470 1.488469 83.803939 12949.152738 10919.522001 0.439677 0.215423 1244.258388 1.390120 998.001376 3.500087 4.894397 0.607173 0.102551 5.168647 22.157955 0.197924 0.002985 
MP98 84.078776 0.293610 0.349209 0.010996 1175532.968113 1272011.930725 96478.962612 120.218498 83.927856 1.483832 85.411688 12937.227938 10877.462851 0.429760 0.215256 1216.134712 1.388972 998.002369 3.500087 5.058827 0.605281 0.104836 5.409950 22.153512 0.193460 0.002982 
MP99 83.615282 0.284899 0.340726 0.010997 1175606.675221 1272085.386843 96478.711622 120.225821 85.636975 1.460575 87.097551 12938.537326 10818.594476 0.419148 0.215257 1186.140903 1.389026 998.004169 3.500087 5.233122 0.595795 0.107491 5.687357 22.145727 0.188683 0.002982 
