MP_Name eta e.eta f.eta Q_A p_Duese_rel p_Duese_abs p_amb H_tot M_Generator M_Lager M_mech P_hyd P_mech ku kcm n_rpm v_ME rho Masse_Aufgelegt Masse_Generator_Sensor Masse_Lager_Sensor phi psi T_Water n_ED Q_ED 
[] [%] [%] [%] [m^3/s] [Pa(r)] [Pa(a)] [Pa(a)] [m] [Nm] [Nm] [Nm] [W] [W] [-] [-] [rpm] [m/s] [kg/m^3] [kg] [kg] [kg] [-] [-] [°C] [-] [-] 
MP01 84.074978 0.170828 0.203185 0.035020 1166706.388177 1263872.885876 97166.497699 120.119976 223.283553 1.714742 224.998295 41199.706697 34638.644335 0.519727 0.685791 1470.120863 4.423368 998.805761 18.999977 3.770350 0.699474 0.276184 3.671367 18.309823 0.233959 0.009501 
MP02 84.512037 0.172430 0.204030 0.035033 1166678.228822 1263848.801461 97170.572639 120.117743 228.877238 1.721770 230.599008 41214.866256 34831.522947 0.509932 0.686062 1442.402318 4.425073 998.806829 18.999977 4.340791 0.702340 0.281600 3.813732 18.304153 0.229550 0.009505 
MP03 84.673650 0.175942 0.207788 0.035063 1166720.610461 1263889.940924 97169.330463 120.124098 234.133854 1.758044 235.891898 41252.229657 34929.768511 0.499883 0.686631 1414.015157 4.428862 998.804172 20.000139 3.876696 0.717137 0.287500 3.968549 18.318242 0.225027 0.009513 
MP04 84.872258 0.171178 0.201689 0.035033 1166623.468451 1263791.978099 97168.509648 120.112321 239.369986 1.754679 241.124665 41212.971011 34978.379102 0.489740 0.686078 1385.254038 4.425076 998.805417 20.000139 4.410673 0.715765 0.293218 4.134703 18.311546 0.220460 0.009505 
MP05 84.970446 0.171852 0.202249 0.035044 1166514.122128 1263682.957632 97168.835503 120.101730 244.455079 1.969916 246.424994 41222.787400 35027.186122 0.479896 0.686332 1357.350092 4.426517 998.806068 21.000010 3.929377 0.803563 0.299343 4.306044 18.307971 0.216029 0.009509 
MP06 84.980804 0.164912 0.194058 0.035046 1166522.780609 1263691.605014 97168.824404 120.103083 249.715942 1.982415 251.698357 41224.520363 35032.928879 0.469916 0.686351 1329.129965 4.426668 998.802703 21.999881 3.466006 0.808662 0.305709 4.490885 18.325761 0.211536 0.009509 
MP07 84.948119 0.170210 0.200369 0.035044 1166412.952646 1263579.644681 97166.692035 120.091528 254.939154 1.990783 256.929937 41219.120167 35014.867436 0.460132 0.686359 1301.395074 4.426504 998.804947 21.999881 3.998666 0.812075 0.312213 4.683890 18.313771 0.207132 0.009509 
MP08 84.829425 0.169695 0.200042 0.035030 1166502.357530 1263666.610584 97164.253054 120.099976 260.374412 1.988293 262.362705 41205.214242 34954.146256 0.449807 0.686056 1272.236882 4.424705 998.803842 23.000042 3.552790 0.811060 0.319239 4.901430 18.319710 0.202484 0.009505 
MP09 84.525181 0.168379 0.199206 0.035066 1166443.244058 1263607.267773 97164.023715 120.096414 265.503254 1.975442 267.478696 41245.732933 34863.030298 0.440060 0.686763 1244.650216 4.429203 998.800135 23.000042 4.075826 0.805818 0.326646 5.120870 18.339214 0.198097 0.009515 
MP10 84.295907 0.171221 0.203119 0.035039 1166449.200296 1263615.601683 97166.401387 120.095617 270.818573 1.964259 272.782832 41214.255955 34741.930970 0.430006 0.686247 1216.209249 4.425857 998.799241 23.999914 3.618007 0.801256 0.334032 5.363205 18.343945 0.193571 0.009508 
MP11 83.819137 0.160233 0.191165 0.035033 1166372.912063 1263544.009454 97171.097391 120.087436 276.023568 1.936304 277.959872 41204.298640 34537.087416 0.419523 0.686151 1186.519798 4.425087 998.799617 23.999914 4.148810 0.789852 0.342331 5.634592 18.341878 0.188852 0.009506 
MP12 84.470122 0.167342 0.198108 0.032043 1168130.171099 1265303.293759 97173.122660 120.103762 254.350242 1.865466 256.215708 37692.449061 31838.857890 0.419541 0.627542 1186.651276 4.047388 998.798982 21.999881 3.938609 0.760957 0.313077 5.641834 18.347360 0.188860 0.008694 
MP13 84.942997 0.175238 0.206301 0.032035 1168268.301326 1265443.372911 97175.071585 120.117576 249.441712 1.886746 251.328457 37687.452814 32012.851840 0.430012 0.627352 1216.337458 4.046391 998.797958 21.999881 3.438040 0.769637 0.305361 5.370443 18.352931 0.193573 0.008692 
MP14 85.256354 0.173999 0.204089 0.032028 1168202.517416 1265378.997730 97176.480313 120.110655 244.684111 1.870515 246.554625 37676.823455 32121.886160 0.439843 0.627230 1244.111390 4.045488 998.796553 21.000010 3.952734 0.763016 0.298477 5.133055 18.360262 0.197999 0.008690 
MP15 85.357294 0.175168 0.205218 0.032064 1168182.323219 1265359.563317 97177.240098 120.110455 239.792979 1.867092 241.660072 37718.696255 32195.658434 0.449783 0.627928 1272.224613 4.049991 998.796527 21.000010 3.453939 0.761620 0.292206 4.908620 18.360380 0.202473 0.008700 
MP16 85.691251 0.175046 0.204275 0.032031 1168256.511229 1265433.122392 97176.611163 120.116112 235.090956 1.861117 236.952073 37682.169526 32290.322553 0.460058 0.627275 1301.317449 4.045871 998.798340 20.000139 3.974300 0.759182 0.285383 4.691884 18.350907 0.207099 0.008691 
MP17 85.736622 0.174985 0.204096 0.032023 1168205.404294 1265380.440855 97175.036561 120.110593 230.151604 1.856051 232.007656 37671.354185 32298.146482 0.469987 0.627139 1329.372425 4.044899 998.797504 20.000139 3.470588 0.757116 0.279293 4.495746 18.355252 0.211568 0.008689 
MP18 85.651638 0.176081 0.205578 0.032038 1168253.936397 1265427.136881 97173.200484 120.116695 225.316090 1.847235 227.163326 37690.989572 32282.950011 0.479771 0.627420 1357.082899 4.046814 998.794516 18.999977 3.977627 0.753520 0.273720 4.314214 18.371050 0.215973 0.008693 
MP19 85.432633 0.178362 0.208775 0.032050 1168065.497741 1265236.502804 97171.005063 120.097864 220.187623 1.839143 222.026766 37698.707395 32206.998488 0.489754 0.627695 1385.212183 4.048271 998.796126 18.999977 3.454629 0.750219 0.268258 4.140103 18.362334 0.220467 0.008696 
MP20 85.450506 0.183252 0.214454 0.032024 1167997.642441 1265165.148338 97167.505897 120.089673 215.478284 1.820629 217.298913 37665.829166 32185.641427 0.500095 0.627212 1414.412209 4.045019 998.795462 18.000106 3.974245 0.742667 0.262509 3.970697 18.365742 0.225122 0.008690 
MP21 85.231216 0.182780 0.214451 0.032031 1168082.766452 1265244.784004 97162.017552 120.098971 210.793963 1.810492 212.604455 37676.743838 32112.346952 0.509954 0.627322 1442.351361 4.045886 998.793379 18.000106 3.496540 0.738532 0.257479 3.818644 18.376804 0.229560 0.008691 
MP22 84.774226 0.178150 0.210147 0.032043 1168026.513387 1265184.650174 97158.136787 120.093766 205.667019 1.803828 207.470847 37688.793561 31950.383088 0.519948 0.627563 1470.585813 4.047353 998.793938 16.999945 3.973858 0.735813 0.252627 3.673241 18.373786 0.234059 0.008695 
MP23 85.490827 0.183848 0.215050 0.029036 1169363.289670 1266519.350196 97156.060525 120.080715 187.822622 1.765418 189.588040 34148.172051 29193.554642 0.519925 0.568700 1470.440393 3.667525 998.794968 14.999912 4.154130 0.720145 0.228942 3.678169 18.369971 0.234048 0.007879 
MP24 85.987884 0.185935 0.216234 0.029028 1169232.635610 1266388.318618 97155.683009 120.067185 192.564809 1.763325 194.328133 34134.797743 29351.790315 0.510021 0.568574 1442.348805 3.666508 998.793367 16.000073 3.637575 0.719291 0.233336 3.822417 18.378246 0.229590 0.007877 
MP25 86.247840 0.186207 0.215898 0.029036 1169208.577340 1266363.410687 97154.833347 120.065002 197.097562 1.761297 198.858859 34144.205709 29448.639834 0.500050 0.568746 1414.137631 3.667581 998.794438 16.000073 4.099822 0.718464 0.238060 3.976362 18.372571 0.225101 0.007880 
MP26 86.337494 0.184567 0.213774 0.029029 1169191.361508 1266341.561017 97150.199510 120.062972 201.418177 1.758892 203.177069 34135.166997 29471.447866 0.489805 0.568610 1385.154328 3.666674 998.793883 16.000073 4.540436 0.717483 0.242982 4.144449 18.375462 0.220490 0.007878 
MP27 86.360343 0.182249 0.211033 0.029045 1169287.635470 1266437.814117 97150.178647 120.073743 205.764855 1.765464 207.530319 34157.619585 29498.637491 0.479951 0.568908 1357.349806 3.668762 998.792543 16.999945 3.983836 0.720164 0.248100 4.316342 18.382637 0.216054 0.007882 
MP28 86.530590 0.181300 0.209521 0.029023 1169251.258660 1266399.345018 97148.086358 120.068999 210.403990 1.766451 212.170440 34129.384580 29532.357929 0.470001 0.568472 1329.182540 3.665875 998.792122 18.000106 3.456771 0.720566 0.253158 4.501081 18.384802 0.211575 0.007876 
MP29 86.508692 0.185495 0.214423 0.029016 1169259.880562 1266408.893486 97149.012924 120.069563 214.805284 1.756364 216.561648 34122.339601 29518.789512 0.460258 0.568350 1301.632485 3.665101 998.792349 18.000106 3.905612 0.716452 0.258462 4.693669 18.383621 0.207189 0.007874 
MP30 86.165993 0.180023 0.208926 0.029038 1169178.489978 1266326.538709 97148.048730 120.062238 219.090116 1.749291 220.839407 34145.227138 29421.573982 0.449870 0.568783 1272.215588 3.667782 998.792498 18.000106 4.342577 0.713567 0.264632 4.912895 18.382734 0.202513 0.007880 
MP31 85.986525 0.175944 0.204618 0.029016 1169200.611709 1266347.387887 97146.776178 120.063815 223.411841 1.743834 225.155675 34120.576203 29339.097769 0.440006 0.568363 1244.329043 3.665096 998.789795 18.999977 3.783433 0.711341 0.270364 5.135678 18.396979 0.198072 0.007874 
MP32 85.615614 0.179857 0.210075 0.029041 1169185.898637 1266333.936511 97148.037875 120.063178 227.797070 1.747795 229.544866 34149.581473 29237.373952 0.430097 0.568849 1216.304074 3.668222 998.792336 18.999977 4.230636 0.712957 0.276830 5.374987 18.383598 0.193612 0.007881 
MP33 85.266196 0.175132 0.205394 0.029011 1169257.760184 1266405.528870 97147.768686 120.069583 232.335142 1.730969 234.066111 34116.455513 29089.803882 0.419650 0.568254 1186.789338 3.664482 998.788437 20.000139 3.693264 0.706093 0.283425 5.646026 18.404193 0.188909 0.007873 
MP34 85.689792 0.177845 0.207545 0.026017 1171114.528258 1268263.813185 97149.284927 120.125114 209.417613 1.685722 211.103335 30608.821925 26228.635986 0.419435 0.509477 1186.456974 3.286205 998.788299 16.999945 4.356342 0.687636 0.254239 5.658161 18.407162 0.188812 0.007058 
MP35 86.156591 0.185300 0.215074 0.026044 1171200.385208 1268346.757337 97146.372129 120.134866 205.538116 1.701379 207.239495 30643.267955 26401.195046 0.430049 0.509987 1216.528932 3.289631 998.789671 16.999945 3.960713 0.694023 0.248213 5.382272 18.400049 0.193590 0.007066 
MP36 86.409215 0.187071 0.216494 0.026021 1171121.355049 1268268.865506 97147.510457 120.125679 201.317176 1.685762 203.002938 30613.585999 26452.959326 0.439901 0.509551 1244.352206 3.286692 998.790774 16.999945 3.530264 0.687652 0.242446 5.143919 18.394151 0.198025 0.007060 
MP37 86.632909 0.184308 0.212746 0.026050 1171138.788204 1268285.640912 97146.852708 120.128612 197.599298 1.688159 199.287457 30649.207616 26552.300163 0.449780 0.510125 1272.311828 3.290434 998.791620 16.000073 4.150989 0.688630 0.237388 4.920392 18.389721 0.202472 0.007067 
MP38 86.923609 0.192203 0.221117 0.026031 1171267.912325 1268413.694105 97145.781780 120.141274 193.695117 1.678852 195.373969 30629.881891 26624.598665 0.460014 0.509724 1301.330935 3.288020 998.789221 16.000073 3.752843 0.684833 0.231924 4.703924 18.402491 0.207079 0.007062 
MP39 86.987935 0.189859 0.218260 0.026026 1171183.870833 1268326.826478 97142.955645 120.132506 189.692919 1.682647 191.375566 30621.595678 26637.093791 0.469863 0.509642 1329.143080 3.287371 998.788963 14.999912 4.344862 0.686382 0.227026 4.508803 18.403739 0.211513 0.007061 
MP40 86.746048 0.188792 0.217638 0.026058 1171110.544858 1268252.043406 97141.498548 120.126233 185.414815 1.678944 187.093760 30657.338044 26594.029059 0.479852 0.510276 1357.363663 3.291377 998.790045 14.999912 3.908583 0.684871 0.222577 4.322994 18.397958 0.216009 0.007070 
MP41 87.050122 0.192628 0.221284 0.026007 1171101.841191 1268239.908335 97138.067144 120.123164 181.940320 1.675855 183.616174 30596.568922 26634.350494 0.489687 0.509284 1385.168345 3.284936 998.790225 14.000041 4.554127 0.683611 0.217682 4.151152 18.396994 0.220437 0.007056 
MP42 86.825604 0.196254 0.226032 0.026046 1171131.745657 1268270.362072 97138.616415 120.127758 177.978610 1.668849 179.647459 30644.194965 26607.007282 0.499982 0.510047 1414.315604 3.289920 998.791312 14.000041 4.150115 0.680753 0.213520 3.981912 18.391313 0.225071 0.007066 
MP43 86.524899 0.196308 0.226880 0.026038 1171229.592520 1268370.888535 97141.296015 120.137968 173.846963 1.667625 175.514588 30636.782145 26508.444724 0.509838 0.509861 1442.256188 3.288860 998.786508 14.000041 3.728772 0.680254 0.209316 3.829463 18.416694 0.229508 0.007064 
MP44 86.152697 0.196940 0.228594 0.026023 1171156.615122 1268302.485644 97145.870523 120.129665 169.627544 1.665825 171.293369 30616.937353 26377.317292 0.519835 0.509583 1470.487900 3.286951 998.788273 12.999879 4.298640 0.679519 0.205178 3.683596 18.407342 0.234008 0.007060 
MP45 86.425876 0.206118 0.238492 0.023025 1172356.795961 1269502.779956 97145.983995 120.133112 150.483448 1.616425 152.099874 27090.900930 23413.548506 0.519646 0.450878 1469.974388 2.908335 998.784031 11.000137 4.346078 0.659369 0.181607 3.689963 18.431073 0.233923 0.006247 
MP46 86.833994 0.203974 0.234901 0.023031 1172291.661546 1269433.572584 97141.911038 120.126757 154.163191 1.613867 155.777058 27096.757902 23529.197113 0.509900 0.451012 1442.364394 2.909119 998.783505 12.000008 3.721465 0.658325 0.185134 3.832372 18.433744 0.229535 0.006248 
MP47 87.293481 0.208973 0.239391 0.023020 1172307.350109 1269448.672912 97141.322803 120.127631 158.010977 1.613331 159.624307 27084.284902 23642.815122 0.500011 0.450798 1414.397704 2.907751 998.786196 12.000008 4.113860 0.658106 0.188706 3.985467 18.419635 0.225084 0.006246 
MP48 87.400689 0.202731 0.231956 0.023013 1172387.606298 1269527.801819 97140.195521 120.135453 161.523048 1.608275 163.131323 27076.877466 23665.377522 0.489713 0.450631 1385.311568 2.906764 998.786864 12.000008 4.472019 0.656044 0.192602 4.154864 18.416221 0.220448 0.006243 
MP49 87.344573 0.205546 0.235327 0.022995 1172315.857526 1269457.942594 97142.085068 120.127698 164.642414 1.598434 166.240848 27054.779417 23630.881430 0.479868 0.450307 1357.417852 2.904585 998.785060 12.999879 3.790259 0.652029 0.196413 4.327119 18.425611 0.216016 0.006239 
MP50 87.296096 0.200552 0.229737 0.023020 1172251.422416 1269392.030591 97140.608175 120.121748 168.223586 1.600756 169.824342 27082.115183 23641.629374 0.469967 0.450795 1329.379099 2.907657 998.787404 12.999879 4.155465 0.652977 0.200767 4.511317 18.413220 0.211560 0.006245 
MP51 87.188215 0.197714 0.226767 0.023016 1172193.423071 1269329.870718 97136.447647 120.115427 171.740999 1.581397 173.322396 27076.397710 23607.427953 0.459828 0.450734 1300.664753 2.907189 998.789577 12.999879 4.514169 0.645080 0.205167 4.712462 18.401716 0.206995 0.006245 
MP52 86.844931 0.195474 0.225084 0.023033 1172249.543973 1269383.266850 97133.722877 120.121773 175.038925 1.576876 176.615801 27097.406441 23532.723923 0.449814 0.451048 1272.371776 2.909291 998.789639 14.000041 3.850327 0.643236 0.209881 4.924604 18.401450 0.202487 0.006249 
MP53 86.715475 0.193069 0.222646 0.023013 1172178.961428 1269309.219582 97130.258154 120.113819 178.603017 1.574505 180.177522 27072.959884 23476.445849 0.439882 0.450686 1244.237028 2.906858 998.789855 14.000041 4.213791 0.642268 0.214447 5.149522 18.400219 0.198016 0.006244 
MP54 86.432804 0.196509 0.227355 0.023014 1172164.434732 1269292.154372 97127.719640 120.112774 182.132926 1.581067 183.713993 27073.830019 23400.670479 0.430024 0.450708 1216.346886 2.906987 998.786519 14.000041 4.573769 0.644945 0.219374 5.388332 18.417732 0.193579 0.006244 
MP55 85.953392 0.193591 0.225228 0.023016 1172156.450311 1269285.029333 97128.579022 120.111880 185.638442 1.564734 187.203176 27075.884591 23272.641288 0.419701 0.450746 1187.145212 2.907225 998.787761 14.999912 3.931389 0.638283 0.224788 5.656634 18.411198 0.188932 0.006245 
MP56 86.015176 0.200139 0.232679 0.020014 1173505.659653 1270640.703295 97135.043642 120.143973 161.311945 1.514272 162.826216 23550.080277 20256.642971 0.419946 0.391892 1187.994760 2.527961 998.792406 12.000008 4.450491 0.617698 0.195324 5.655022 18.388413 0.189042 0.005429 
MP57 86.571846 0.216667 0.250274 0.019988 1173410.097011 1270543.494777 97133.397766 120.133438 158.313879 1.531652 159.845531 23517.242172 20359.310778 0.429964 0.391397 1216.281095 2.524659 998.791802 12.000008 4.144750 0.624788 0.190532 5.394613 18.391474 0.193552 0.005423 
MP58 86.845044 0.205445 0.236565 0.019983 1173412.422590 1270544.125233 97131.702643 120.133730 155.188204 1.517592 156.705797 23511.784404 20418.819407 0.439860 0.391305 1244.276640 2.524071 998.790083 12.000008 3.825995 0.619053 0.186202 5.154611 18.400516 0.198006 0.005421 
MP59 87.166202 0.213820 0.245302 0.019987 1173460.743890 1270586.730070 97125.986180 120.139107 152.325891 1.517125 153.843017 23517.356700 20499.186606 0.449798 0.391373 1272.419229 2.524563 998.787445 11.000137 4.533969 0.618862 0.182119 4.929336 18.414425 0.202480 0.005422 
MP60 87.253570 0.214218 0.245511 0.020017 1173547.704217 1270672.582151 97124.877934 120.149049 149.300625 1.511019 150.811644 23554.754760 20552.364333 0.460010 0.391947 1301.362531 2.528370 998.786760 11.000137 4.225454 0.616371 0.178337 4.712862 18.418125 0.207077 0.005430 
MP61 87.569244 0.215507 0.246099 0.019975 1173436.074370 1270561.050859 97124.976490 120.136144 146.351798 1.513539 147.865337 23502.561011 20581.014883 0.469856 0.391141 1329.143256 2.523036 998.787867 9.999975 4.924897 0.617399 0.174241 4.517477 18.412176 0.211509 0.005419 
MP62 87.494455 0.214742 0.245435 0.019982 1173361.784428 1270488.049181 97126.264754 120.128730 143.221672 1.511440 144.733113 23510.139688 20570.068497 0.479784 0.391303 1357.185520 2.524004 998.788517 9.999975 4.605688 0.616543 0.170706 4.332448 18.408671 0.215978 0.005421 
MP63 87.581369 0.219005 0.250059 0.019976 1173395.607158 1270523.823921 97128.216763 120.131835 140.399402 1.507473 141.906875 23502.745384 20584.026219 0.489665 0.391164 1385.154670 2.523142 998.789576 9.999975 4.317875 0.614925 0.167202 4.159367 18.403153 0.220427 0.005419 
MP64 87.418060 0.222242 0.254229 0.019989 1173428.700459 1270555.473347 97126.772888 120.135656 137.333867 1.505633 138.839501 23519.466320 20560.261133 0.499897 0.391424 1414.122281 2.524857 998.789571 9.999975 4.005253 0.614175 0.163889 3.990820 18.403213 0.225033 0.005423 
MP65 87.144869 0.218945 0.251242 0.019997 1173478.247887 1270604.010882 97125.762995 120.141640 134.253203 1.504123 135.757325 23530.166170 20505.332466 0.509868 0.391575 1442.364164 2.525894 998.784086 9.000104 4.690960 0.613558 0.160746 3.836250 18.432088 0.229521 0.005425 
MP66 86.676607 0.221556 0.255612 0.020002 1173296.998589 1270419.594551 97122.595963 120.123440 130.957582 1.504737 132.462319 23531.634485 20396.422451 0.519815 0.391689 1470.391646 2.526437 998.782699 9.000104 4.354874 0.613809 0.157716 3.690832 18.439141 0.233999 0.005427 
MP67 86.456233 0.246175 0.284739 0.017001 1173820.674371 1270939.444875 97118.770504 120.085902 110.796027 1.463826 112.259854 19994.871278 17286.812419 0.519931 0.332973 1470.489166 2.147377 998.788287 7.000071 4.298844 0.597121 0.134043 3.691969 18.410418 0.234051 0.004613 
MP68 86.782399 0.239223 0.275658 0.017031 1173785.222825 1270901.705503 97116.482678 120.083382 113.645275 1.452182 115.097457 20030.665578 17383.092113 0.509942 0.333580 1442.223888 2.151271 998.786238 7.000071 4.589408 0.592371 0.136918 3.837992 18.421134 0.229555 0.004622 
MP69 87.099482 0.248135 0.284886 0.017019 1173945.331801 1271062.604539 97117.272739 120.100222 116.296608 1.453071 117.749679 20018.904419 17436.361961 0.499948 0.333317 1414.058987 2.149721 998.779304 7.999943 3.859918 0.592733 0.139545 3.992976 18.457713 0.225056 0.004618 
MP70 87.519581 0.244065 0.278869 0.016998 1173884.514420 1271002.424312 97117.909892 120.093417 119.185432 1.446776 120.632208 19993.315349 17498.065840 0.489743 0.332919 1385.154290 2.147095 998.779465 7.999943 4.154518 0.590165 0.142283 4.161145 18.456799 0.220462 0.004612 
MP71 87.508584 0.236169 0.269881 0.016998 1173888.021707 1271006.151326 97118.129618 120.093166 121.659020 1.438016 123.097036 19993.401215 17495.942315 0.479879 0.332919 1357.253981 2.147098 998.784551 7.999943 4.406773 0.586592 0.145208 4.333971 18.430120 0.216021 0.004612 
MP72 87.327545 0.234582 0.268624 0.017017 1173825.962085 1270941.808721 97115.846636 120.087753 124.106676 1.443305 125.549981 20014.416494 17478.098626 0.470034 0.333293 1329.379308 2.149459 998.781163 7.999943 4.656384 0.588750 0.148416 4.517404 18.447821 0.211590 0.004618 
MP73 87.164526 0.238546 0.273674 0.017017 1173830.256305 1270946.422361 97116.166056 120.088422 126.571307 1.435641 128.006948 20014.728297 17445.743018 0.460157 0.333296 1301.449467 2.149484 998.779290 9.000104 3.907564 0.585624 0.151602 4.713402 18.457645 0.207144 0.004618 
MP74 86.944986 0.233414 0.268462 0.017018 1173854.002047 1270967.821002 97113.818955 120.090731 129.194657 1.430592 130.625249 20016.089825 17402.986541 0.449824 0.333309 1272.237038 2.149587 998.780435 9.000104 4.175092 0.583564 0.155091 4.932435 18.451663 0.202492 0.004618 
MP75 86.680319 0.233155 0.268983 0.017020 1173761.262105 1270873.611949 97112.349844 120.081452 131.734815 1.423875 133.158691 20016.590852 17350.444864 0.439951 0.333356 1244.263841 2.149809 998.779257 9.000104 4.434136 0.580824 0.158594 5.156306 18.457727 0.198047 0.004618 
MP76 86.227833 0.233150 0.270388 0.017029 1173861.993622 1270975.226097 97113.232475 120.092030 134.191404 1.425286 135.616691 20029.277162 17270.811693 0.429975 0.333523 1216.104759 2.150983 998.778968 9.999975 3.684787 0.581400 0.162355 5.398325 18.459363 0.193557 0.004621 
MP77 85.841498 0.217984 0.253938 0.017002 1173834.754954 1270947.862039 97113.107085 120.088572 136.802700 1.408067 138.210767 19997.089190 17165.801002 0.419346 0.333002 1186.024278 2.147589 998.778405 9.999975 3.951085 0.574375 0.166210 5.675499 18.462279 0.188772 0.004614 
MP78 85.449107 0.242085 0.283309 0.013969 1174550.550068 1271663.478422 97112.928354 120.085048 111.626184 1.365047 112.991231 16429.024541 14038.454766 0.419499 0.273596 1186.440456 1.764446 998.779929 7.000071 4.383503 0.556827 0.136509 5.674967 18.455156 0.188841 0.003791 
MP79 85.755214 0.258101 0.300974 0.013977 1174625.790918 1271740.223418 97114.432500 120.092617 109.316619 1.377040 110.693658 16439.257788 14097.520685 0.429994 0.273740 1216.161866 1.765429 998.782343 7.000071 4.147974 0.561719 0.133247 5.401312 18.442590 0.193565 0.003793 
MP80 86.037160 0.259773 0.301931 0.013996 1174644.899773 1271757.809868 97112.910095 120.095347 107.335128 1.363402 108.698530 16461.774908 14163.243537 0.439923 0.274107 1244.257977 1.767812 998.779435 5.999910 4.946064 0.556156 0.130414 5.160235 18.457855 0.198035 0.003798 
MP81 86.401334 0.259530 0.300378 0.013976 1174508.377477 1271620.999606 97112.622128 120.081327 105.216944 1.364787 106.581731 16436.950252 14201.744307 0.449906 0.273742 1272.419455 1.765358 998.776425 5.999910 4.730053 0.556721 0.127351 4.933789 18.473461 0.202529 0.003793 
MP82 86.575635 0.258509 0.298593 0.013981 1174505.568958 1271618.726541 97113.157583 120.081294 103.090783 1.369840 104.460622 16443.019173 14235.648232 0.460138 0.273844 1301.355710 1.766012 998.775291 5.999910 4.513228 0.558782 0.124565 4.716812 18.479398 0.207135 0.003794 
MP83 86.661996 0.266189 0.307157 0.013969 1174567.447837 1271681.076456 97113.628619 120.087195 100.908411 1.381113 102.289523 16429.819663 14238.409590 0.469984 0.273603 1329.234820 1.764505 998.776505 5.999910 4.290671 0.563380 0.121849 4.521261 18.473116 0.211567 0.003791 
MP84 86.543823 0.272450 0.314812 0.013982 1174535.989835 1271649.132242 97113.142407 120.084361 98.725651 1.384719 100.110370 16444.153091 14231.398758 0.479983 0.273852 1357.500202 1.766088 998.775732 5.999910 4.068075 0.564851 0.119418 4.334828 18.477126 0.216068 0.003794 
MP85 86.508901 0.273577 0.316241 0.013983 1174513.893924 1271624.211895 97110.317971 120.082434 96.701934 1.379770 98.081704 16444.573608 14226.019885 0.489730 0.273866 1385.054271 1.766166 998.773102 5.000039 4.861568 0.562833 0.117048 4.164004 18.490858 0.220456 0.003794 
MP86 86.313524 0.277316 0.321290 0.013971 1174526.950501 1271635.641324 97108.690823 120.083533 94.374407 1.382944 95.757350 16430.644968 14181.868664 0.500058 0.273630 1414.271274 1.764654 998.772793 5.000039 4.624208 0.564127 0.114532 3.993781 18.492484 0.225105 0.003791 
MP87 85.938005 0.274967 0.319960 0.013978 1174537.270103 1271644.776579 97107.506477 120.084648 92.155273 1.381885 93.537158 16438.967699 14127.320953 0.509956 0.273765 1442.271510 1.765531 998.773593 5.000039 4.397902 0.563695 0.112364 3.840246 18.488311 0.229561 0.003793 
MP88 85.446542 0.276283 0.323341 0.013980 1174373.479779 1271478.094353 97104.614574 120.068097 89.845498 1.387769 91.233267 16439.627183 14047.092872 0.519901 0.273833 1470.295434 1.765846 998.772624 5.000039 4.162353 0.566096 0.110242 3.694739 18.493176 0.234038 0.003794 
MP89 83.550358 0.337921 0.404452 0.010993 1175265.376523 1272367.904014 97102.527490 120.098783 68.834536 1.337752 70.172289 12930.701165 10803.647081 0.519800 0.215303 1470.199019 1.388587 998.770137 2.000135 5.019571 0.545693 0.086695 3.698039 18.507246 0.233992 0.002983 
MP90 83.925524 0.329781 0.392945 0.011013 1175249.092381 1272349.720930 97100.628549 120.097483 70.641922 1.338303 71.980225 12953.313575 10871.136345 0.509913 0.215683 1442.225354 1.391031 998.770001 3.000006 4.204016 0.545917 0.088532 3.842833 18.507931 0.229541 0.002988 
MP91 84.278463 0.332843 0.394932 0.011017 1175404.267258 1272504.574872 97100.307614 120.113347 72.424767 1.320482 73.745250 12960.167138 10922.629685 0.500033 0.215754 1414.374904 1.391582 998.770487 3.000006 4.385830 0.538648 0.090312 3.996187 18.505578 0.225094 0.002989 
MP92 85.098213 0.324902 0.381797 0.010973 1175274.575084 1272375.772277 97101.197193 120.099346 74.388110 1.324959 75.713070 12907.027897 10983.650132 0.489786 0.214907 1385.310796 1.386038 998.770268 3.000006 4.586050 0.540474 0.091839 4.165169 18.506567 0.220481 0.002977 
MP93 84.915142 0.319379 0.376115 0.011004 1175403.275924 1272503.315009 97100.039085 120.112945 76.021724 1.317185 77.338908 12944.702145 10992.012186 0.479828 0.215498 1357.220924 1.389926 998.771036 3.000006 4.752645 0.537303 0.094003 4.339835 18.502706 0.215998 0.002986 
MP94 85.051766 0.315078 0.370454 0.011016 1175271.046072 1272370.515601 97099.469530 120.099088 77.854186 1.322741 79.176927 12957.891950 11020.915960 0.469948 0.215754 1329.200293 1.391496 998.775854 3.000006 4.939519 0.539570 0.096093 4.524207 18.477337 0.211551 0.002989 
MP95 85.123936 0.312369 0.366957 0.010999 1175292.862320 1272390.766657 97097.904337 120.101370 79.518905 1.313495 80.832400 12938.058331 11013.384446 0.460005 0.215418 1301.088115 1.389344 998.772854 3.999877 4.109415 0.535798 0.098017 4.721927 18.493058 0.207075 0.002984 
MP96 84.917242 0.305725 0.360027 0.011004 1175340.476603 1272439.655947 97099.179344 120.106431 81.211451 1.290470 82.501921 12943.930543 10991.628886 0.449796 0.215502 1272.240973 1.389917 998.771873 3.999877 4.282020 0.526406 0.100281 4.938693 18.498250 0.202479 0.002986 
MP97 84.729933 0.302885 0.357471 0.011007 1175387.346414 1272485.821168 97098.474753 120.110414 82.892340 1.304132 84.196473 12947.565951 10970.463902 0.439888 0.215551 1244.235183 1.390251 998.778948 3.999877 4.453436 0.531979 0.102563 5.163689 18.461269 0.198019 0.002986 
MP98 84.573387 0.306232 0.362090 0.011006 1175333.044671 1272429.380616 97096.335945 120.104664 84.673209 1.296671 85.969880 12946.261639 10949.091901 0.429985 0.215544 1216.194857 1.390176 998.780568 3.999877 4.635048 0.528935 0.104922 5.404281 18.452703 0.193561 0.002986 
MP99 84.289874 0.293034 0.347650 0.010999 1175355.545252 1272448.991973 97093.446721 120.107203 86.444657 1.278934 87.723592 12938.530938 10905.871413 0.419721 0.215409 1187.176662 1.389320 998.777547 3.999877 4.815699 0.521700 0.107420 5.671829 18.468557 0.188941 0.002984 
