MP_Name eta e.eta f.eta Q_A p_Duese_rel p_Duese_abs p_amb H_tot M_Generator M_Lager M_mech P_hyd P_mech ku kcm n_rpm v_ME rho Masse_Aufgelegt Masse_Generator_Sensor Masse_Lager_Sensor phi psi T_Water n_ED Q_ED 
[] [%] [%] [%] [m^3/s] [Pa(r)] [Pa(a)] [Pa(a)] [m] [Nm] [Nm] [Nm] [W] [W] [-] [-] [rpm] [m/s] [kg/m^3] [kg] [kg] [kg] [-] [-] [°C] [-] [-] 
MP01 82.971840 0.160404 0.193323 0.035002 1167074.043451 1263975.870507 96901.827056 120.227245 219.630381 2.350846 221.981227 41191.263335 34177.148922 0.519540 0.685140 1470.249245 4.421139 998.213200 18.000106 4.397673 0.958952 0.276021 3.674062 21.206415 0.233875 0.009492 
MP02 83.262124 0.158787 0.190708 0.035038 1167022.324591 1263922.442775 96900.118184 120.225320 224.993405 2.340307 227.333712 41232.124338 34330.742455 0.509592 0.685844 1442.084584 4.425645 998.202095 18.000106 4.944591 0.954652 0.281699 3.818850 21.256861 0.229397 0.009502 
MP03 83.573260 0.161976 0.193813 0.035036 1166850.536263 1263751.253477 96900.717214 120.206490 230.247560 2.342698 232.590257 41223.696331 34451.986794 0.499873 0.685858 1414.471283 4.425390 998.211846 18.999977 4.480536 0.955628 0.287182 3.968785 21.212344 0.225022 0.009502 
MP04 83.823862 0.161788 0.193010 0.035012 1166907.052368 1263806.182802 96899.130434 120.210971 235.743359 2.326593 238.069952 41197.670882 34533.478608 0.489513 0.685387 1385.182913 4.422433 998.211500 18.999977 5.040994 0.949058 0.293058 4.138594 21.213975 0.220358 0.009496 
MP05 83.884684 0.164709 0.196352 0.035053 1166745.557358 1263644.091680 96898.534322 120.196617 241.088374 2.289768 243.378142 41240.412490 34594.389680 0.479710 0.686220 1357.361367 4.427543 998.212850 20.000139 4.585914 0.934037 0.299410 4.309386 21.207662 0.215945 0.009507 
MP06 83.989934 0.159658 0.190092 0.035034 1166748.875094 1263645.227139 96896.352046 120.196696 246.376787 2.282844 248.659631 41218.063686 34619.024665 0.469855 0.685852 1329.477295 4.425171 998.206065 21.000010 4.125352 0.931213 0.305526 4.492093 21.238531 0.211509 0.009502 
MP07 83.852893 0.165837 0.197772 0.035036 1166652.386415 1263546.391727 96894.005312 120.186507 251.335154 2.251466 253.586621 41217.863900 34562.371169 0.459992 0.685933 1301.513196 4.425507 998.210111 21.000010 4.631003 0.918413 0.312114 4.686792 21.220021 0.207069 0.009503 
MP08 83.660586 0.158160 0.189050 0.035068 1166673.696324 1263568.602267 96894.905943 120.190742 256.759761 2.249114 259.008875 41256.225819 34515.200482 0.449740 0.686537 1272.527383 4.429480 998.207895 21.999881 4.184331 0.917453 0.319510 4.902837 21.230126 0.202454 0.009512 
MP09 83.558911 0.151825 0.181698 0.035030 1166632.637302 1263525.762413 96893.125111 120.184492 262.002383 2.243233 264.245617 41208.991511 34433.784442 0.439798 0.685805 1244.366602 4.424643 998.206822 21.999881 4.718970 0.915055 0.326384 5.127082 21.234961 0.197979 0.009501 
MP10 83.121636 0.153519 0.184691 0.035069 1166690.195874 1263580.936217 96890.740342 120.192190 267.010310 2.261286 269.271596 41258.406083 34294.662305 0.429832 0.686559 1216.206635 4.429649 998.210525 23.000042 4.229515 0.922419 0.334319 5.367500 21.218172 0.193492 0.009512 
MP11 82.899089 0.149821 0.180727 0.035025 1166594.504774 1263483.334200 96888.829425 120.180201 272.539898 2.259055 274.798952 41201.630639 34155.776580 0.419502 0.685718 1186.917337 4.424007 998.207727 23.000042 4.793419 0.921508 0.342133 5.635227 21.230800 0.188842 0.009500 
MP12 83.490416 0.156933 0.187965 0.032003 1168516.174823 1265403.407772 96887.232948 120.211840 250.695829 2.173408 252.869237 37657.008499 31439.993093 0.419579 0.626478 1187.292777 4.042343 998.207066 21.000010 4.565805 0.886572 0.312518 5.640944 21.235784 0.188877 0.008679 
MP13 83.892114 0.169470 0.202010 0.031989 1168546.740081 1265430.069105 96883.329024 120.214424 245.781861 2.169264 247.951125 37641.847682 31578.541736 0.429782 0.626207 1216.178633 4.040634 998.205678 21.000010 4.064682 0.884881 0.304966 5.376315 21.242118 0.193470 0.008676 
MP14 84.147880 0.163474 0.194270 0.032012 1168599.799532 1265484.090019 96884.290486 120.221236 241.098612 2.152892 243.251504 37670.553091 31698.971996 0.439744 0.626632 1244.402932 4.043494 998.203900 20.000139 4.586958 0.878203 0.298260 5.135442 21.250254 0.197954 0.008682 
MP15 84.389219 0.165724 0.196381 0.032003 1168401.261892 1265284.928566 96883.666674 120.200809 236.265248 2.146154 238.411402 37653.856671 31775.795739 0.449797 0.626516 1272.743227 4.042399 998.201325 20.000139 4.094054 0.875454 0.291540 4.908464 21.261745 0.202480 0.008680 
MP16 84.555422 0.165898 0.196200 0.032009 1168404.800089 1265285.986159 96881.186070 120.201357 231.521058 2.131027 233.652085 37660.357865 31843.874575 0.459941 0.626619 1301.450415 4.043075 998.202101 18.999977 4.610406 0.869283 0.285157 4.694323 21.258223 0.207046 0.008681 
MP17 84.511711 0.161942 0.191621 0.032050 1168368.985824 1265249.479092 96880.493269 120.199711 226.856153 2.110264 228.966417 37708.455419 31868.060715 0.469714 0.627432 1329.092568 4.048290 998.203255 18.999977 4.134682 0.860814 0.279586 4.500947 21.252941 0.211445 0.008693 
MP18 84.552348 0.168720 0.199545 0.032022 1168519.042506 1265398.715036 96879.672530 120.213888 222.045843 2.088843 224.134686 37680.079294 31859.391876 0.479680 0.626850 1357.374832 4.044776 998.200778 18.000106 4.644000 0.852076 0.273523 4.315903 21.264346 0.215932 0.008685 
MP19 84.239099 0.166812 0.198022 0.032036 1168219.671707 1265097.994350 96878.322642 120.183851 216.748175 2.069756 218.817930 37687.419421 31747.542435 0.489672 0.627206 1385.474664 4.046569 998.202382 18.000106 4.103747 0.844290 0.268094 4.141542 21.256747 0.220430 0.008690 
MP20 84.244224 0.170955 0.202928 0.032023 1168261.818968 1265137.927812 96876.108844 120.187719 212.219867 2.047276 214.267143 37673.302865 31737.581510 0.499907 0.626942 1414.456620 4.044931 998.200393 16.999945 4.642114 0.835120 0.262495 3.973713 21.265819 0.225037 0.008686 
MP21 83.924919 0.167147 0.199163 0.032034 1168304.831371 1265180.967418 96876.136047 120.192691 207.355900 2.027984 209.383884 37687.152219 31628.911934 0.509804 0.627134 1442.488574 4.046252 998.200116 16.999945 4.146090 0.827251 0.257478 3.820913 21.267124 0.229492 0.008689 
MP22 83.510890 0.164625 0.197130 0.032045 1168329.220005 1265201.624790 96872.404785 120.195567 202.453503 2.010781 204.464284 37701.601771 31484.943364 0.519687 0.627351 1470.472282 4.047699 998.201897 16.000073 4.646018 0.820233 0.252668 3.676940 21.259051 0.233942 0.008692 
MP23 84.131489 0.170413 0.202555 0.029046 1169498.104734 1266368.321492 96870.216758 120.166347 184.761609 1.934511 186.696120 34164.008937 28742.689519 0.519639 0.568695 1470.156244 3.668803 998.198190 14.000041 4.841841 0.789121 0.229066 3.682215 21.277084 0.233920 0.007879 
MP24 84.599058 0.175749 0.207743 0.029048 1169405.422521 1266275.573756 96870.151234 120.156769 189.394239 1.938013 191.332252 34164.480470 28902.828554 0.509893 0.568770 1442.525656 3.669139 998.200154 14.999912 4.314403 0.790550 0.233475 3.824316 21.268075 0.229532 0.007880 
MP25 84.952669 0.175415 0.206485 0.029035 1169449.774169 1266321.256823 96871.482654 120.161063 193.907599 1.938311 195.845910 34149.568903 29010.970132 0.499996 0.568493 1414.552686 3.667419 998.196757 14.999912 4.774673 0.790671 0.237980 3.977228 21.283539 0.225077 0.007876 
MP26 84.959750 0.178105 0.209635 0.029026 1169522.825342 1266392.161854 96869.336512 120.167786 198.039285 1.938643 199.977928 34141.158152 29006.242567 0.489572 0.568304 1385.098924 3.666301 998.199443 14.999912 5.196020 0.790807 0.242967 4.148424 21.271418 0.220385 0.007874 
MP27 85.233943 0.171196 0.200854 0.029009 1169405.094551 1266270.716155 96865.621603 120.155331 202.657581 1.929006 204.586588 34117.417969 29079.620499 0.479779 0.567999 1357.322218 3.664143 998.196278 16.000073 4.666830 0.786876 0.247793 4.319530 21.285655 0.215976 0.007869 
MP28 85.248118 0.167720 0.196743 0.029023 1169355.792056 1266220.340769 96864.548712 120.151233 207.100695 1.928529 209.029223 34132.663683 29097.453440 0.469878 0.568283 1329.288835 3.665914 998.193959 16.999945 4.120064 0.786681 0.253141 4.503461 21.296116 0.211519 0.007873 
MP29 85.181020 0.171957 0.201872 0.029041 1169386.545844 1266250.460531 96863.914687 120.154994 211.540488 1.936500 213.476988 34155.318792 29093.848861 0.460024 0.568632 1301.432036 3.668225 998.196014 16.999945 4.572831 0.789933 0.258722 4.698429 21.286829 0.207083 0.007878 
MP30 84.964410 0.167729 0.197411 0.029033 1169290.322303 1266151.700576 96861.378273 120.145121 215.780764 1.928491 217.709255 34142.480200 29008.956944 0.449783 0.568490 1272.408623 3.667158 998.193032 16.999945 5.005252 0.786666 0.264547 4.914824 21.300244 0.202474 0.007876 
MP31 84.738361 0.166857 0.196908 0.029044 1169369.376934 1266227.077183 96857.700249 120.153555 220.222981 1.919160 222.142141 34158.811916 28945.617240 0.439830 0.568701 1244.294678 3.668649 998.194706 18.000106 4.458106 0.782859 0.270634 5.139766 21.292728 0.197993 0.007879 
MP32 84.528691 0.163245 0.193123 0.029015 1169269.112331 1266126.312268 96857.199937 120.141141 224.462616 1.927730 226.390346 34120.436320 28841.558169 0.430047 0.568147 1216.556260 3.664882 998.201074 18.000106 4.890462 0.786355 0.276520 5.376324 21.263729 0.193589 0.007871 
MP33 84.050538 0.163371 0.194372 0.029039 1169195.574183 1266048.627147 96853.052964 120.136402 228.882622 1.913594 230.796216 34147.703109 28701.328172 0.419795 0.568642 1187.530280 3.668005 998.187648 18.999977 4.341340 0.780589 0.283520 5.642076 21.324524 0.188974 0.007878 
MP34 84.440624 0.171886 0.203559 0.026019 1171221.335271 1268073.028918 96851.693647 120.207922 206.207158 1.818425 208.025584 30613.813045 25850.494877 0.419360 0.509339 1186.652326 3.286449 998.188806 16.000073 5.028813 0.741768 0.254216 5.660211 21.321362 0.188778 0.007057 
MP35 84.867299 0.173331 0.204238 0.026031 1171192.049537 1268043.089530 96851.039992 120.205553 202.228065 1.825169 204.053234 30627.175690 25992.456633 0.429875 0.509577 1216.396684 3.287951 998.187815 16.000073 4.623028 0.744519 0.248113 5.386650 21.325817 0.193512 0.007060 
MP36 85.031582 0.174583 0.205316 0.026066 1171106.202837 1267956.423836 96850.220998 120.198286 198.261118 1.816280 200.077398 30666.951817 26076.594271 0.439850 0.510285 1244.584020 3.292421 998.187782 16.000073 4.218481 0.740893 0.242823 5.145042 21.325877 0.198002 0.007070 
MP37 85.328306 0.173371 0.203181 0.026035 1171226.217303 1268076.149688 96849.932384 120.209185 194.390293 1.799445 196.189738 30633.536353 26139.077650 0.449621 0.509659 1272.287775 3.288533 998.188266 14.999912 4.823897 0.734025 0.237255 4.923920 21.323808 0.202400 0.007061 
MP38 85.437666 0.178489 0.208912 0.026056 1171117.998929 1267967.285881 96849.286952 120.198584 190.418070 1.791926 192.209996 30655.001653 26190.918056 0.459860 0.510082 1301.206229 3.291117 998.191699 14.999912 4.418812 0.730958 0.232165 4.707039 21.308147 0.207010 0.007067 
MP39 85.546882 0.182335 0.213140 0.026063 1171185.873810 1268032.688468 96846.814658 120.205766 186.678101 1.779170 188.457271 30665.634397 26233.493978 0.469766 0.510213 1329.274339 3.292060 998.192270 14.000041 5.037284 0.725755 0.227328 4.510615 21.305622 0.211469 0.007069 
MP40 85.613600 0.175625 0.205137 0.026026 1171121.951050 1267966.749210 96844.798160 120.198441 182.636108 1.773308 184.409416 30619.706415 26214.632923 0.479747 0.509499 1357.475718 3.287351 998.185724 14.000041 4.625083 0.723364 0.222287 4.324939 21.335200 0.215962 0.007059 
MP41 85.507602 0.181499 0.212261 0.026048 1171060.180861 1267901.360164 96841.179303 120.193161 178.876823 1.763804 180.640628 30644.381849 26203.276070 0.489555 0.509943 1385.196994 3.290147 998.184949 12.999879 5.241876 0.719487 0.218023 4.153350 21.338634 0.220377 0.007065 
MP42 85.374658 0.183624 0.215080 0.026041 1171242.738289 1268084.476886 96841.738597 120.211621 174.834380 1.746327 176.580708 30641.333903 26159.933960 0.499944 0.509776 1414.701365 3.289317 998.184220 12.999879 4.829630 0.712358 0.213422 3.982539 21.342125 0.225054 0.007063 
MP43 85.034854 0.185025 0.217587 0.026044 1171152.616582 1267991.525109 96838.908527 120.202587 170.771575 1.734267 172.505842 30641.890940 26056.287075 0.509745 0.509843 1442.381369 3.289626 998.183633 12.999879 4.415307 0.707438 0.209346 3.830859 21.344679 0.229466 0.007064 
MP44 84.631538 0.187020 0.220981 0.026027 1171293.076171 1268132.779801 96839.703630 120.216006 166.623316 1.726296 168.349612 30625.606115 25918.921534 0.519547 0.509485 1470.199221 3.287505 998.185466 12.000008 4.992141 0.704187 0.205253 3.687698 21.336531 0.233878 0.007059 
MP45 84.882367 0.195461 0.230273 0.023019 1172267.558829 1269104.704354 96837.145525 120.195792 147.666015 1.653450 149.319465 27081.110817 22987.087811 0.519546 0.450634 1470.073034 2.907516 998.183298 9.999975 5.058920 0.674472 0.181544 3.691407 21.347338 0.233878 0.006243 
MP46 85.281547 0.197156 0.231183 0.023012 1172152.776596 1268986.847319 96834.070723 120.184006 151.207131 1.654827 152.861958 27070.238469 23085.918047 0.509713 0.450520 1442.178817 2.906639 998.181625 11.000137 4.419879 0.675033 0.185000 3.835216 21.354779 0.229451 0.006242 
MP47 85.733235 0.200519 0.233888 0.023008 1172204.268256 1269037.630176 96833.361920 120.189428 154.989242 1.656975 156.646217 27067.408220 23205.764761 0.499970 0.450444 1414.644632 2.906211 998.179226 11.000137 4.805576 0.675909 0.188573 3.986148 21.365679 0.225066 0.006241 
MP48 85.846769 0.204094 0.237742 0.023021 1172164.739864 1268998.296254 96833.556391 120.185756 158.621361 1.661468 160.282829 27081.203321 23248.338137 0.489530 0.450694 1385.084587 2.907778 998.180045 11.000137 5.175977 0.677742 0.192701 4.157962 21.361937 0.220366 0.006244 
MP49 85.771568 0.197783 0.230593 0.023029 1172291.737216 1269123.297605 96831.560389 120.198951 161.836913 1.660966 163.497879 27094.008137 23238.955630 0.479684 0.450832 1357.300048 2.908832 998.180814 12.000008 4.504027 0.677537 0.196717 4.330401 21.358585 0.215934 0.006246 
MP50 85.902167 0.194706 0.226660 0.023011 1172135.798356 1268966.481669 96830.683314 120.182363 165.371249 1.664014 167.035263 27068.691317 23252.592467 0.469833 0.450504 1329.335480 2.906516 998.180559 12.000008 4.864456 0.678781 0.200695 4.513911 21.359575 0.211499 0.006241 
MP51 85.764180 0.193559 0.225687 0.023022 1172136.186728 1268964.620355 96828.433627 120.182895 168.782125 1.666277 170.448401 27082.100139 23226.741091 0.459912 0.450725 1301.267935 2.907944 998.179988 12.000008 5.212295 0.679704 0.205125 4.710740 21.362154 0.207033 0.006245 
MP52 85.622139 0.190996 0.223069 0.023006 1172211.059619 1269038.042996 96826.983377 120.189686 172.279737 1.668156 173.947893 27064.623401 23173.309594 0.449610 0.450395 1272.155718 2.905897 998.182082 12.999879 4.569109 0.680470 0.209671 4.929114 21.352760 0.202396 0.006240 
MP53 85.389613 0.189453 0.221869 0.023005 1172148.355214 1268975.237214 96826.882000 120.182617 175.661317 1.671097 177.332415 27061.692042 23107.874022 0.439797 0.450383 1244.351986 2.905738 998.187219 12.999879 4.913960 0.681670 0.214345 5.151544 21.329451 0.197978 0.006240 
MP54 84.937825 0.184234 0.216904 0.023032 1172094.116779 1268920.628453 96826.511674 120.177889 179.007103 1.680887 180.687990 27093.406125 23012.549769 0.429857 0.450937 1216.205148 2.909253 998.189123 12.999879 5.255162 0.685663 0.219570 5.392490 21.320774 0.193504 0.006247 
MP55 84.606223 0.185713 0.219503 0.023007 1172248.546650 1269073.535236 96824.988586 120.192739 182.415186 1.689777 184.104963 27067.014705 22900.378746 0.419797 0.450414 1187.814308 2.906060 998.188957 14.000041 4.602554 0.689290 0.224572 5.654096 21.321682 0.188975 0.006240 
MP56 84.604206 0.207108 0.244796 0.020013 1173507.979591 1270328.376055 96820.396464 120.216183 158.637260 1.625982 160.263242 23548.885425 19923.347645 0.419515 0.391754 1187.134074 2.527833 998.192535 11.000137 5.177599 0.663267 0.195455 5.666639 21.306758 0.188848 0.005428 
MP57 84.919470 0.200703 0.236345 0.020025 1173408.455451 1270227.474058 96819.018607 120.206274 155.476323 1.632203 157.108526 23561.465525 20008.271616 0.429781 0.392011 1216.133358 2.529389 998.193719 11.000137 4.855248 0.665805 0.190912 5.399149 21.301287 0.193469 0.005431 
MP58 85.237342 0.197521 0.231731 0.020025 1173444.935079 1270263.765324 96818.830245 120.210346 152.486500 1.634787 154.121287 23562.240072 20083.827184 0.439758 0.392005 1244.386327 2.529393 998.190856 11.000137 4.550348 0.666858 0.186578 5.156939 21.314295 0.197961 0.005431 
MP59 85.511640 0.209970 0.245545 0.020030 1173468.768350 1270285.446021 96816.677671 120.212851 149.648938 1.623448 151.272385 23568.722802 20154.001399 0.449601 0.392101 1272.251617 2.530035 998.191646 9.999975 5.261137 0.662233 0.182538 4.933611 21.310737 0.202392 0.005432 
MP60 85.832023 0.208740 0.243196 0.020015 1173456.888308 1270271.048892 96814.160583 120.211275 146.730613 1.618591 148.349204 23550.147235 20213.567850 0.459818 0.391800 1301.155311 2.528077 998.190462 9.999975 4.963528 0.660252 0.178345 4.716815 21.316084 0.206991 0.005428 
MP61 85.905712 0.209505 0.243878 0.020032 1173447.653777 1270258.323306 96810.669529 120.211798 143.860916 1.615616 145.476532 23571.100967 20248.922211 0.469717 0.392149 1329.169461 2.530334 998.183093 9.000104 5.670749 0.659038 0.174742 4.520080 21.349422 0.211447 0.005433 
MP62 85.878986 0.211126 0.245842 0.020040 1173397.788532 1270206.558808 96808.770276 120.206411 140.830666 1.619614 142.450280 23578.702670 20249.150816 0.479712 0.392300 1357.422018 2.531252 998.187506 9.000104 5.361726 0.660669 0.171167 4.333679 21.329401 0.215946 0.005435 
MP63 85.787791 0.218514 0.254714 0.020040 1173412.954326 1270219.434829 96806.480503 120.207693 137.812361 1.622029 139.434391 23579.207380 20228.081238 0.489575 0.392301 1385.339343 2.531273 998.189776 9.000104 5.053921 0.661655 0.167719 4.160819 21.319133 0.220386 0.005435 
MP64 85.676910 0.213558 0.249260 0.020043 1173413.839032 1270219.870577 96806.031544 120.207985 134.809508 1.616170 136.425678 23582.947866 20205.141031 0.499804 0.392362 1414.285687 2.531671 998.188950 9.000104 4.747692 0.659264 0.164312 3.992248 21.322870 0.224991 0.005436 
MP65 85.369760 0.208456 0.244181 0.020038 1173411.798284 1270217.638312 96805.840027 120.207793 131.652118 1.613753 133.265871 23577.361617 20127.936918 0.509700 0.392271 1442.287047 2.531079 998.187544 7.999943 5.425864 0.658278 0.161084 3.838736 21.329236 0.229446 0.005435 
MP66 85.070879 0.213522 0.250993 0.020023 1173401.851362 1270208.995713 96807.144350 120.206444 128.533720 1.604669 130.138389 23559.297488 20042.101569 0.519727 0.391977 1470.649623 2.529171 998.186220 7.999943 5.107851 0.654573 0.157859 3.692072 21.335221 0.233959 0.005431 
MP67 84.672944 0.235237 0.277818 0.017013 1173854.780373 1270657.290727 96802.510354 120.162844 108.503393 1.543444 110.046837 20010.220493 16943.242812 0.519679 0.333112 1470.247165 2.148960 998.179382 5.999910 5.065203 0.629598 0.134164 3.695545 21.366601 0.233938 0.004615 
MP68 85.116835 0.237603 0.279149 0.017029 1173931.015842 1270734.382648 96803.366806 120.171562 111.308430 1.536821 112.845252 20030.090427 17048.978974 0.509935 0.333407 1442.734668 2.150947 998.175276 5.999910 5.351259 0.626897 0.136849 3.838099 21.385230 0.229552 0.004619 
MP69 85.424799 0.243062 0.284533 0.017003 1173870.959359 1270665.017691 96794.058332 120.163751 113.844553 1.522155 115.366708 19998.497666 17083.676481 0.499822 0.332911 1414.074269 2.147676 998.183249 7.000071 4.609731 0.620914 0.139411 3.995020 21.349118 0.224999 0.004612 
MP70 85.473001 0.232276 0.271754 0.017016 1173831.956658 1270627.129359 96795.172701 120.161005 116.392718 1.519414 117.912133 20013.098271 17105.795639 0.489671 0.333168 1385.339338 2.149309 998.175916 7.000071 4.869591 0.619796 0.142410 4.162362 21.382223 0.220429 0.004616 
MP71 85.682178 0.230051 0.268494 0.017009 1173833.614101 1270628.586118 96794.972017 120.160422 119.096701 1.514979 120.611681 20005.390132 17141.053907 0.479699 0.333041 1357.124009 2.148482 998.180674 7.000071 5.145342 0.617987 0.145315 4.337222 21.360725 0.215940 0.004614 
MP72 85.680009 0.234307 0.273467 0.017012 1173784.615155 1270580.698714 96796.083559 120.155083 121.656171 1.507332 123.163503 20007.568016 17142.486062 0.469809 0.333098 1329.116820 2.148804 998.184031 7.000071 5.406355 0.614867 0.148400 4.521732 21.345495 0.211489 0.004615 
MP73 85.435967 0.229761 0.268927 0.017029 1173773.546432 1270568.031855 96794.485423 120.154042 124.062000 1.502741 125.564740 20027.051372 17110.304968 0.459962 0.333426 1301.252059 2.150908 998.187124 7.999943 4.651828 0.612994 0.151726 4.717402 21.331484 0.207056 0.004619 
MP74 85.175222 0.231174 0.271410 0.017030 1173911.907703 1270699.420378 96787.512675 120.167762 126.578581 1.492623 128.071204 20031.485479 17061.862204 0.449658 0.333441 1272.173427 2.151131 998.190992 7.999943 4.908467 0.608867 0.155210 4.936084 21.314095 0.202417 0.004620 
MP75 84.971468 0.221480 0.260652 0.017019 1173830.102236 1270617.038437 96786.936201 120.159378 129.055722 1.488282 130.544003 20016.777057 17008.549290 0.439777 0.333232 1244.175737 2.149706 998.188605 7.999943 5.161085 0.607096 0.158598 5.160390 21.324823 0.197969 0.004617 
MP76 84.711935 0.209339 0.247118 0.017011 1173885.594433 1270670.506956 96784.912523 120.165813 131.595522 1.484750 133.080272 20008.586295 16949.660534 0.429890 0.333072 1216.238392 2.148729 998.180453 9.000104 4.419931 0.605656 0.162167 5.400484 21.361756 0.193519 0.004615 
MP77 84.287334 0.215555 0.255739 0.017003 1173724.348277 1270508.087090 96783.738813 120.149789 134.137161 1.476227 135.613388 19996.383528 16854.418603 0.419518 0.332937 1186.813812 2.147717 998.174861 9.000104 4.679126 0.602179 0.166109 5.670844 21.386852 0.188849 0.004613 
MP78 83.358167 0.237699 0.285154 0.014018 1175531.353867 1272313.101457 96781.747591 120.257804 109.312155 1.409511 110.721666 16500.078129 13754.162623 0.419127 0.274351 1186.240980 1.770585 998.185262 5.999910 5.147680 0.574964 0.137007 5.685001 21.341694 0.188674 0.003801 
MP79 83.773258 0.239829 0.286283 0.014024 1175458.378229 1272239.190321 96780.812092 120.251156 107.144809 1.419227 108.564036 16506.195535 13827.777766 0.429757 0.274477 1216.291837 1.771349 998.179698 5.999910 4.926656 0.578928 0.133680 5.407248 21.366775 0.193459 0.003803 
MP80 84.126661 0.248319 0.295172 0.014011 1175454.767838 1272233.486587 96778.718749 120.250608 105.031797 1.422712 106.454509 16490.825646 13873.180925 0.439713 0.274224 1244.466958 1.769710 998.178726 5.000039 5.711043 0.580349 0.130532 5.165165 21.371162 0.197940 0.003799 
MP81 84.391673 0.261255 0.309575 0.014003 1175326.856800 1272103.902158 96777.045359 120.237589 102.961307 1.427424 104.388731 16480.265814 13907.972025 0.449563 0.274093 1272.276691 1.768771 998.176909 5.000039 5.499895 0.582271 0.127611 4.941302 21.379236 0.202375 0.003797 
MP82 84.518217 0.260580 0.308313 0.014003 1175444.000183 1272218.826898 96774.826716 120.249773 100.798526 1.431555 102.230081 16481.249729 13929.658483 0.459749 0.274068 1301.167317 1.768701 998.175005 5.000039 5.279336 0.583956 0.124773 4.724788 21.387948 0.206960 0.003797 
MP83 84.752705 0.249379 0.294243 0.013988 1175357.791849 1272131.311719 96773.519870 120.240558 98.807039 1.429706 100.236745 16462.961916 13952.805507 0.469689 0.273795 1329.247847 1.766873 998.175660 5.000039 5.076246 0.583202 0.122011 4.526938 21.384901 0.211434 0.003793 
MP84 84.541116 0.259419 0.306856 0.014001 1175364.669315 1272136.707303 96772.037988 120.241797 96.580623 1.435074 98.015697 16477.987834 13930.674747 0.479568 0.274042 1357.212662 1.768471 998.173591 5.000039 4.849197 0.585392 0.119605 4.342343 21.394244 0.215881 0.003797 
MP85 84.280216 0.266660 0.316397 0.014020 1175374.978833 1272143.815750 96768.836916 120.243527 94.426062 1.444132 95.870195 16501.045208 13907.116572 0.489467 0.274420 1385.239504 1.770923 998.171647 3.999877 5.629638 0.589087 0.117348 4.168452 21.403022 0.220338 0.003802 
MP86 84.330399 0.265888 0.315293 0.013995 1175302.849616 1272071.150400 96768.300784 120.235353 92.333052 1.441227 93.774279 16469.791155 13889.040663 0.499774 0.273927 1414.359774 1.767686 998.173482 3.999877 5.416194 0.587902 0.114721 3.998318 21.394666 0.224977 0.003795 
MP87 83.948391 0.265032 0.315708 0.014012 1175344.329667 1272110.815260 96766.485593 120.239874 90.215794 1.447764 91.663559 16490.790775 13843.753469 0.509605 0.274261 1442.210071 1.769872 998.174400 3.999877 5.200277 0.590569 0.112645 3.845519 21.390560 0.229403 0.003800 
MP88 83.625362 0.269178 0.321885 0.013977 1175349.360227 1272115.246458 96765.886231 120.239581 87.899118 1.456373 89.355491 16449.942267 13756.323691 0.519468 0.273583 1470.119110 1.765492 998.174547 3.999877 4.964024 0.594080 0.110233 3.700912 21.389902 0.233843 0.003790 
MP89 81.195523 0.317589 0.391141 0.010963 1176101.290025 1272865.993128 96764.703103 120.255372 66.595389 1.439382 68.034771 12903.509820 10477.072267 0.519586 0.214559 1470.552028 1.384690 998.173418 1.500054 5.291305 0.587149 0.086431 3.701104 21.395765 0.233896 0.002973 
MP90 81.836112 0.330335 0.403654 0.010954 1176018.697993 1272777.430440 96758.732447 120.245905 68.426536 1.428041 69.854577 12892.227402 10550.497619 0.509617 0.214395 1442.279590 1.383578 998.180657 2.499925 4.478173 0.582523 0.088055 3.847331 21.362971 0.229408 0.002970 
MP91 81.997918 0.319976 0.390225 0.010967 1176123.289306 1272880.302879 96757.013573 120.257517 70.035212 1.422666 71.457878 12909.070860 10585.169360 0.499796 0.214645 1414.552514 1.385260 998.174934 2.499925 4.642225 0.580331 0.089890 4.000013 21.388927 0.224987 0.002974 
MP92 82.466661 0.320499 0.388640 0.010950 1176035.266484 1272793.507079 96758.240595 120.248717 71.849805 1.416512 73.266318 12888.341910 10628.585231 0.489476 0.214325 1385.295669 1.383143 998.170855 2.499925 4.827277 0.577820 0.091648 4.170459 21.407250 0.220342 0.002969 
MP93 82.677856 0.323296 0.391031 0.010958 1176069.178113 1272826.555529 96757.377416 120.252379 73.602953 1.410017 75.012970 12897.712078 10663.551872 0.479645 0.214471 1357.490837 1.384107 998.170339 2.499925 5.006061 0.575171 0.093591 4.343179 21.409608 0.215916 0.002971 
MP94 82.761494 0.308682 0.372978 0.010963 1176061.576752 1272817.011138 96755.434386 120.251543 75.318248 1.400139 76.718387 12904.029226 10679.567319 0.469688 0.214578 1329.307870 1.384792 998.171640 2.499925 5.180986 0.571142 0.095622 4.529258 21.403727 0.211434 0.002973 
MP95 82.459913 0.309807 0.375706 0.010990 1176064.778109 1272820.008929 96755.230820 120.252856 76.895919 1.386379 78.282298 12935.121751 10666.290139 0.459730 0.215093 1301.131553 1.388120 998.167361 3.500087 4.341714 0.565528 0.097928 4.727579 21.423028 0.206951 0.002980 
MP96 82.551146 0.304496 0.368857 0.010965 1176042.598959 1272796.354365 96753.755406 120.249421 78.586102 1.369584 79.955686 12906.180844 10654.200184 0.449605 0.214619 1272.456315 1.385045 998.173459 3.500087 4.514078 0.558677 0.099913 4.942932 21.395499 0.202393 0.002973 
MP97 82.319262 0.294184 0.357369 0.010959 1176005.509206 1272757.790061 96752.280855 120.245863 80.142124 1.351076 81.493200 12898.391937 10617.861015 0.439624 0.214500 1244.190971 1.384254 998.170611 3.500087 4.672760 0.551128 0.102124 5.169920 21.408307 0.197900 0.002972 
MP98 82.167918 0.284800 0.346608 0.010976 1175948.104431 1272697.906894 96749.802463 120.240688 81.984348 1.338177 83.322525 12917.317462 10613.890844 0.429821 0.214829 1216.420069 1.386350 998.167333 3.500087 4.860629 0.545866 0.104614 5.408428 21.423022 0.193487 0.002976 
MP99 81.874583 0.284074 0.346962 0.010955 1176079.998941 1272830.644855 96750.645914 120.253266 83.644546 1.327362 84.971908 12894.873488 10557.623847 0.419221 0.214421 1186.484853 1.383790 998.171782 3.500087 5.029935 0.541454 0.107055 5.685394 21.403099 0.188716 0.002971 
