MP_Name eta e.eta f.eta Q_A p_Duese_rel p_Duese_abs p_amb H_tot M_Generator M_Lager M_mech P_hyd P_mech ku kcm n_rpm v_ME rho Masse_Aufgelegt Masse_Generator_Sensor Masse_Lager_Sensor phi psi T_Water n_ED Q_ED 
[] [%] [%] [%] [m^3/s] [Pa(r)] [Pa(a)] [Pa(a)] [m] [Nm] [Nm] [Nm] [W] [W] [-] [-] [rpm] [m/s] [kg/m^3] [kg] [kg] [kg] [-] [-] [°C] [-] [-] 
MP01 85.331000 0.176218 0.206511 0.035050 1166381.644812 1261032.506151 94650.861339 120.108031 226.465647 1.995997 228.461644 41224.879131 35177.601428 0.519838 0.686425 1470.362129 4.427234 998.642520 18.999977 4.094858 0.814203 0.276380 3.669741 19.146314 0.234009 0.009510 
MP02 85.825359 0.171873 0.200259 0.035047 1166392.824707 1261040.026878 94647.202171 120.109273 232.220324 2.028942 234.249266 41221.363875 35378.383468 0.509885 0.686357 1442.218720 4.426822 998.640114 18.999977 4.681717 0.827641 0.281747 3.814406 19.158454 0.229529 0.009509 
MP03 86.236840 0.176931 0.205169 0.035068 1166236.476821 1260882.685956 94646.209135 120.094580 238.049035 2.024538 240.073574 41240.618479 35564.606280 0.500165 0.686805 1414.637055 4.429435 998.639335 20.000139 4.275964 0.825845 0.287410 3.964069 19.162200 0.225153 0.009515 
MP04 86.468083 0.172830 0.199877 0.035043 1166228.095632 1260874.605107 94646.509475 120.092188 243.653116 2.024386 245.677502 41210.736876 35634.133977 0.489716 0.686327 1385.071533 4.426309 998.640379 20.000139 4.847465 0.825783 0.293338 4.135074 19.156926 0.220450 0.009509 
MP05 86.710315 0.170673 0.196831 0.035050 1166274.983230 1260924.005927 94649.022697 120.097088 249.411564 2.018096 251.429660 41221.050724 35742.902951 0.479963 0.686455 1357.515181 4.427225 998.642911 21.000010 4.434837 0.823217 0.299355 4.304817 19.144214 0.216059 0.009510 
MP06 86.618321 0.173209 0.199968 0.035101 1166143.010248 1260787.824468 94644.814220 120.086569 254.872133 2.016753 256.888886 41277.122844 35753.550565 0.469924 0.687479 1329.062008 4.433638 998.642401 21.999881 3.991831 0.822669 0.306206 4.490603 19.146622 0.211540 0.009525 
MP07 86.512937 0.172227 0.199076 0.035080 1166187.227889 1260815.278793 94628.050904 120.090481 259.988318 1.967957 261.956274 41253.789556 35689.865005 0.460005 0.687060 1301.030514 4.431009 998.637500 21.999881 4.513577 0.802764 0.312618 4.686394 19.171353 0.207075 0.009519 
MP08 86.409919 0.176306 0.204035 0.035048 1166113.665227 1260740.545002 94626.879775 120.081288 265.285071 1.965390 267.250461 41212.711022 35611.870168 0.449924 0.686456 1272.470432 4.426941 998.636189 23.000042 4.053576 0.801717 0.319341 4.898821 19.177872 0.202537 0.009510 
MP09 85.967218 0.172578 0.200749 0.035083 1166029.770054 1260654.924920 94625.154867 120.074789 270.138042 1.963061 272.101103 41251.686056 35462.926931 0.440068 0.687161 1244.559479 4.431370 998.635624 23.000042 4.548479 0.800767 0.326830 5.120645 19.180618 0.198100 0.009520 
MP10 85.589558 0.171650 0.200550 0.035064 1166034.780069 1260650.204021 94615.423952 120.074253 275.070426 1.968814 277.039240 41229.070092 35287.779005 0.430090 0.686789 1216.338407 4.428962 998.635284 23.999914 4.051609 0.803114 0.334231 5.361041 19.182312 0.193608 0.009515 
MP11 85.218381 0.169843 0.199303 0.035056 1166025.682138 1260628.159325 94602.477187 120.072963 280.555872 1.946729 282.502601 41219.799800 35126.846195 0.419851 0.686646 1187.375518 4.428016 998.634727 23.999914 4.611011 0.794105 0.342311 5.625727 19.185077 0.188999 0.009513 
MP12 85.803847 0.168253 0.196090 0.032053 1167923.585160 1262512.404883 94588.819723 120.102769 258.279606 1.890780 260.170386 37697.373615 32345.796781 0.419744 0.627735 1187.220464 4.048616 998.634901 21.999881 4.339324 0.771283 0.313022 5.636355 19.186357 0.188951 0.008697 
MP13 86.287451 0.172417 0.199817 0.032060 1167798.532874 1262377.158683 94578.625809 120.090453 253.570749 1.900216 255.470965 37702.250116 32532.310753 0.429952 0.627913 1216.031276 4.049557 998.634348 21.999881 3.859117 0.775132 0.305676 5.371868 19.188971 0.193546 0.008699 
MP14 86.638272 0.175319 0.202358 0.032064 1167842.930016 1262415.437551 94572.507535 120.095185 248.823797 1.884500 250.708297 37708.121088 32669.664579 0.439961 0.627974 1244.363751 4.050028 998.634323 21.000010 4.374897 0.768721 0.298751 5.130227 19.189134 0.198052 0.008700 
MP15 86.994013 0.178432 0.205108 0.032046 1167678.679102 1262256.075941 94577.396840 120.077418 244.133952 1.879262 246.013214 37681.868057 32780.969094 0.449918 0.627676 1272.432450 4.047805 998.634957 21.000010 3.896629 0.766584 0.292001 4.905694 19.185764 0.202534 0.008696 
MP16 87.293233 0.177212 0.203008 0.032044 1167681.253827 1262265.833451 94584.579624 120.078009 239.504586 1.877130 241.381716 37679.586438 32891.729302 0.460099 0.627635 1301.228958 4.047554 998.631346 20.000139 4.424400 0.765714 0.285521 4.690996 19.203960 0.207117 0.008696 
MP17 87.386717 0.178134 0.203846 0.032044 1167653.100371 1262235.235275 94582.134904 120.075219 234.680294 1.874055 236.554349 37678.823529 32926.287073 0.469987 0.627645 1329.178187 4.047569 998.630678 20.000139 3.932421 0.764460 0.279518 4.495685 19.207281 0.211569 0.008696 
MP18 87.252464 0.177988 0.203992 0.032064 1167648.996169 1262237.711663 94588.715494 120.075756 229.548570 1.870768 231.419338 37702.477725 32896.340627 0.479978 0.628034 1357.435883 4.050089 998.631384 18.999977 4.409253 0.763119 0.273870 4.310442 19.203740 0.216066 0.008701 
MP19 87.091178 0.181393 0.208280 0.032077 1167627.643230 1262231.764519 94604.121290 120.074156 224.584075 1.864200 226.448275 37717.276127 32848.420046 0.489803 0.628293 1385.213931 4.051730 998.632204 18.999977 3.902977 0.760440 0.268487 4.139220 19.199627 0.220489 0.008705 
MP20 86.961651 0.184770 0.212473 0.032044 1167644.962362 1262252.586230 94607.623868 120.073979 219.340893 1.857676 221.198569 37678.414018 32765.771056 0.500166 0.627646 1414.521202 4.047553 998.634049 18.000106 4.368151 0.757779 0.262653 3.969528 19.190370 0.225154 0.008696 
MP21 86.429017 0.181125 0.209565 0.032079 1167585.148533 1262191.523917 94606.375384 120.069938 213.926859 1.855615 215.782473 37717.770817 32599.098377 0.510121 0.628335 1442.649414 4.051926 998.631865 18.000106 3.816031 0.756938 0.257810 3.816057 19.201286 0.229635 0.008705 
MP22 86.009232 0.180402 0.209747 0.032053 1167611.751182 1262208.642495 94596.891314 120.071419 208.599032 1.850534 210.449567 37687.422595 32414.662634 0.520085 0.627818 1470.838036 4.048621 998.630779 16.999945 4.272863 0.754866 0.252663 3.671277 19.206761 0.234121 0.008698 
MP23 86.639501 0.189877 0.219157 0.029052 1168996.157612 1263591.496625 94595.339013 120.063671 190.381864 1.808789 192.190653 34156.486431 29593.009243 0.519939 0.569053 1470.375469 3.669544 998.630262 14.999912 4.415120 0.737837 0.229078 3.677945 19.210950 0.234055 0.007884 
MP24 87.272426 0.190875 0.218712 0.029049 1168904.990750 1263494.621296 94589.630546 120.054217 195.499869 1.808306 197.308175 34150.669054 29804.117431 0.510086 0.569023 1442.455979 3.669207 998.630412 16.000073 3.936890 0.737640 0.233490 3.821401 19.210078 0.229619 0.007883 
MP25 87.659858 0.193717 0.220988 0.029056 1168890.482959 1263471.334761 94580.851802 120.053113 200.316039 1.806399 202.122439 34158.381359 29943.188744 0.500262 0.569160 1414.669207 3.670071 998.629961 16.000073 4.428041 0.736862 0.238133 3.972947 19.212309 0.225197 0.007885 
MP26 87.801004 0.186536 0.212453 0.029069 1168893.802777 1263474.078825 94580.276048 120.054145 205.030122 1.813831 206.843953 34174.769428 30005.790737 0.489863 0.569426 1385.267446 3.671802 998.629584 16.000073 4.908780 0.739894 0.243301 4.143399 19.214209 0.220516 0.007889 
MP27 87.964176 0.190980 0.217111 0.029057 1168886.976043 1263479.537276 94592.561234 120.052807 209.587048 1.808845 211.395893 34160.291981 30048.819394 0.480005 0.569194 1357.382511 3.670285 998.630188 16.999945 4.373621 0.737860 0.248197 4.315357 19.211192 0.216078 0.007886 
MP28 88.005793 0.184353 0.209479 0.029058 1168860.738165 1263454.939192 94594.201028 120.050234 214.144166 1.804950 215.949116 34160.514473 30063.231777 0.470115 0.569216 1329.399825 3.670390 998.629632 18.000106 3.838192 0.736271 0.253429 4.498839 19.213958 0.211626 0.007886 
MP29 87.974984 0.182977 0.207988 0.029054 1168885.467898 1263479.001854 94593.533956 120.052537 218.668316 1.799926 220.468243 34156.718557 30049.367582 0.460261 0.569136 1301.549464 3.669910 998.629987 18.000106 4.299562 0.734222 0.258818 4.693527 19.212203 0.207190 0.007885 
MP30 87.569910 0.185846 0.212225 0.029068 1168904.476160 1263490.963610 94586.487450 120.055062 222.759484 1.793478 224.552962 34172.843061 29925.127939 0.450016 0.569387 1272.590306 3.671564 998.630283 18.000106 4.716777 0.731591 0.264827 4.909649 19.210718 0.202578 0.007889 
MP31 87.266544 0.179690 0.205910 0.029072 1168811.391756 1263387.940837 94576.549081 120.045902 227.102167 1.792663 228.894830 34174.906956 29823.260344 0.439994 0.569487 1244.200921 3.672071 998.628979 18.999977 4.159770 0.731259 0.270907 5.135853 19.217145 0.198067 0.007890 
MP32 86.844872 0.176774 0.203552 0.029072 1168873.911873 1263458.758195 94584.846322 120.052745 231.215606 1.804892 233.020499 34176.689644 29680.702227 0.430125 0.569470 1216.330022 3.672067 998.625129 18.999977 4.579257 0.736248 0.277114 5.374223 19.236579 0.193624 0.007890 
MP33 86.590677 0.183230 0.211605 0.029004 1168844.132408 1263434.138237 94590.005829 120.046553 235.562580 1.783204 237.345784 34095.681241 29523.681144 0.420064 0.568165 1187.846620 3.663554 998.624852 20.000139 4.022396 0.727400 0.283101 5.634908 19.237948 0.189095 0.007872 
MP34 86.876637 0.181329 0.208720 0.026066 1170796.246703 1265395.576472 94599.329769 120.114547 212.363711 1.729270 214.092982 30659.037928 26635.541156 0.420013 0.510464 1188.038393 3.292432 998.622551 16.999945 4.656783 0.705400 0.254381 5.642510 19.251765 0.189072 0.007072 
MP35 87.299039 0.185431 0.212409 0.026084 1170859.531185 1265456.386453 94596.855267 120.121584 208.541362 1.742961 210.284323 30681.718978 26784.845791 0.430004 0.510796 1216.336210 3.294670 998.624028 16.999945 4.266982 0.710985 0.248632 5.383304 19.244418 0.193570 0.007077 
MP36 87.719504 0.187494 0.213742 0.026065 1170679.686529 1265281.386409 94601.699880 120.102503 204.612308 1.688877 206.301184 30654.666316 26890.121144 0.440064 0.510468 1244.693495 3.292290 998.623327 16.999945 3.866300 0.688923 0.242792 5.140021 19.247742 0.198098 0.007072 
MP37 88.162983 0.191602 0.217327 0.026038 1170744.103720 1265348.585385 94604.481665 120.107980 200.961823 1.687829 202.649652 30624.274712 26999.274125 0.449802 0.509927 1272.265082 3.288877 998.622965 16.000073 4.493897 0.688495 0.237284 4.919926 19.249639 0.202482 0.007065 
MP38 88.377498 0.193146 0.218547 0.026050 1170647.797908 1265248.144860 94600.346952 120.099025 196.990840 1.677943 198.668783 30636.243009 27075.545065 0.460128 0.510185 1301.424440 3.290418 998.619934 16.000073 4.088939 0.684463 0.232077 4.701554 19.264724 0.207130 0.007068 
MP39 88.336477 0.189030 0.213988 0.026073 1170724.627961 1265324.066595 94599.438634 120.107632 192.947184 1.669221 194.616405 30665.879164 27089.157386 0.469928 0.510623 1329.191124 3.293358 998.621818 14.999912 4.676730 0.680905 0.227432 4.507463 19.255358 0.211542 0.007074 
MP40 88.210022 0.192188 0.217876 0.026069 1170712.255629 1265313.582987 94601.327359 120.105981 188.624710 1.661356 190.286066 30660.909225 27045.994842 0.479860 0.510550 1357.273455 3.292864 998.623670 14.999912 4.235927 0.677696 0.222692 4.322818 19.246056 0.216013 0.007073 
MP41 88.330718 0.192979 0.218473 0.026073 1170662.559381 1265261.048760 94598.489379 120.100977 185.010377 1.649987 186.660364 30664.245096 27085.948005 0.489914 0.510637 1385.681168 3.293357 998.624459 14.000041 4.867210 0.673059 0.218160 4.147212 19.242034 0.220539 0.007075 
MP42 88.140091 0.198655 0.225385 0.026069 1170750.646124 1265344.995001 94594.348877 120.109957 180.806732 1.641745 182.448477 30661.266172 27024.868025 0.500075 0.510531 1414.473195 3.292795 998.623010 14.000041 4.438525 0.669697 0.213683 3.980400 19.249397 0.225113 0.007073 
MP43 87.561718 0.192996 0.220412 0.026096 1170645.067462 1265237.981387 94592.913925 120.100169 176.263274 1.639672 177.902947 30690.382043 26873.025690 0.509991 0.511077 1442.463417 3.296187 998.624233 14.000041 3.975186 0.668851 0.209752 3.827074 19.243132 0.229577 0.007081 
MP44 87.135123 0.198358 0.227644 0.026040 1170564.203601 1265164.528403 94600.324802 120.089492 171.702402 1.621204 173.323606 30621.577798 26682.149570 0.519770 0.509999 1470.058035 3.289089 998.624533 12.999879 4.510232 0.661318 0.205372 3.684490 19.241549 0.233979 0.007066 
MP45 87.363413 0.204464 0.234039 0.023039 1171864.657373 1266465.069991 94600.412618 120.103044 152.142787 1.585447 153.728235 27095.952162 23671.948715 0.519881 0.451206 1470.455049 2.910083 998.619927 11.000137 4.515296 0.646732 0.181657 3.686609 19.266157 0.234029 0.006251 
MP46 87.912954 0.205692 0.233972 0.023049 1171888.476247 1266481.489930 94593.013684 120.105549 156.169245 1.584157 157.753403 27107.944020 23831.394399 0.510023 0.451391 1442.587287 2.911303 998.622346 12.000008 3.926041 0.646206 0.185244 3.830489 19.254030 0.229591 0.006254 
MP47 88.383992 0.211486 0.239280 0.023040 1171926.184131 1266515.217006 94589.032875 120.108830 160.104461 1.589312 161.693773 27098.064016 23950.350700 0.500071 0.451207 1414.457697 2.910157 998.624261 12.000008 4.327352 0.648309 0.188854 3.984479 19.244454 0.225111 0.006251 
MP48 88.463986 0.208156 0.235301 0.023077 1171892.693506 1266497.096447 94604.402941 120.107136 163.966044 1.559436 165.525480 27141.798225 24010.716698 0.489730 0.451946 1385.197343 2.914903 998.621625 12.000008 4.721154 0.636121 0.193157 4.154483 19.257682 0.220456 0.006261 
MP49 88.503409 0.201941 0.228173 0.023047 1171806.087176 1266408.142482 94602.055306 120.097566 167.216386 1.547251 168.763637 27103.919719 23987.892829 0.479896 0.451370 1357.327366 2.911077 998.618188 12.999879 4.052751 0.631151 0.196865 4.326537 19.274807 0.216029 0.006253 
MP50 88.616195 0.206682 0.233233 0.023035 1171756.685304 1266355.746840 94599.061536 120.092093 170.925338 1.549032 172.474370 27089.037446 24005.274251 0.469922 0.451153 1329.087233 2.909611 998.618138 12.999879 4.430988 0.631878 0.200947 4.512159 19.274996 0.211539 0.006250 
MP51 88.565305 0.202000 0.228080 0.023042 1171661.977229 1266256.882058 94594.904829 120.082482 174.570686 1.542915 176.113602 27094.768740 23996.564698 0.460063 0.451302 1301.150572 2.910455 998.619717 12.999879 4.802738 0.629382 0.205321 4.707610 19.266961 0.207101 0.006253 
MP52 88.245245 0.203223 0.230293 0.023038 1171718.258544 1266308.999875 94590.741331 120.087950 177.879403 1.534489 179.413891 27091.184946 23906.682459 0.449898 0.451211 1272.432136 2.909934 998.620765 14.000041 4.139997 0.625945 0.209917 4.922738 19.261763 0.202525 0.006251 
MP53 87.830626 0.199076 0.226659 0.023054 1171693.552276 1266278.845108 94585.292833 120.086174 181.213178 1.515309 182.728488 27110.107076 23810.976685 0.439972 0.451537 1244.349369 2.912013 998.619676 14.000041 4.479974 0.618121 0.214808 5.147337 19.267181 0.198057 0.006256 
MP54 87.527264 0.191411 0.218687 0.023041 1171722.309417 1266302.381705 94580.072289 120.089020 184.645547 1.549872 186.195420 27094.969306 23715.485300 0.430043 0.451270 1216.282352 2.910328 998.616257 14.000041 4.830005 0.632220 0.219638 5.387790 19.284340 0.193588 0.006252 
MP55 87.083691 0.191371 0.219756 0.023033 1171659.976324 1266236.941237 94576.964913 120.082760 188.094953 1.527099 189.622052 27083.983138 23585.732291 0.419973 0.451124 1187.768778 2.909310 998.612858 14.999912 4.181902 0.622931 0.224832 5.649292 19.301276 0.189054 0.006250 
MP56 87.090666 0.202801 0.232862 0.020016 1173066.137311 1267634.918418 94568.781107 120.120321 163.261832 1.455491 164.717322 23543.481802 20504.175014 0.420238 0.391967 1188.705872 2.528197 998.615955 12.000008 4.649339 0.593720 0.195225 5.647140 19.287366 0.189174 0.005430 
MP57 87.413727 0.207355 0.237211 0.020029 1173006.788844 1267571.143354 94564.354510 120.114721 160.187417 1.504779 161.692197 23558.018253 20592.941706 0.429964 0.392236 1216.187989 2.529877 998.615727 12.000008 4.335812 0.613826 0.190940 5.394536 19.288430 0.193552 0.005434 
MP58 87.900973 0.212719 0.241999 0.020021 1173006.547852 1267567.206130 94560.658277 120.114027 157.390061 1.459285 158.849346 23548.305447 20699.189592 0.439918 0.392077 1244.340661 2.528840 998.619078 12.000008 4.050539 0.595268 0.186544 5.153181 19.271627 0.198033 0.005432 
MP59 88.134741 0.217529 0.246814 0.020023 1173036.499657 1267593.916119 94557.416463 120.117283 154.303239 1.476742 155.779981 23551.101652 20756.702540 0.449826 0.392108 1272.383699 2.529074 998.617935 11.000137 4.735618 0.602389 0.182449 4.928665 19.277384 0.202493 0.005432 
MP60 88.459773 0.218800 0.247344 0.020018 1172959.502863 1267517.184695 94557.681831 120.109783 151.347625 1.479289 152.826914 23544.378754 20827.303979 0.460092 0.392034 1301.381397 2.528521 998.613721 11.000137 4.434206 0.603428 0.178345 4.711180 19.298400 0.207114 0.005431 
MP61 88.487255 0.216398 0.244552 0.020040 1172862.187472 1267423.940298 94561.752826 120.100930 148.353035 1.463953 149.816989 23568.745155 20855.335635 0.469985 0.392484 1329.313765 2.531332 998.610719 9.999975 5.128982 0.597172 0.174792 4.514910 19.313322 0.211568 0.005438 
MP62 88.490498 0.219273 0.247793 0.020024 1172973.153312 1267538.372983 94565.219671 120.111720 145.162765 1.460799 146.623564 23551.510093 20840.848551 0.479866 0.392145 1357.322377 2.529254 998.610767 9.999975 4.803640 0.595886 0.171044 4.330910 19.313213 0.216016 0.005433 
MP63 88.357509 0.223975 0.253487 0.020029 1173050.855866 1267619.857863 94569.001997 120.119536 142.001839 1.476661 143.478500 23558.903657 20816.060519 0.489785 0.392228 1385.425241 2.529877 998.613102 9.999975 4.481290 0.602356 0.167616 4.157256 19.301633 0.220481 0.005434 
MP64 88.175614 0.223173 0.253101 0.020026 1173009.005105 1267583.195034 94574.189929 120.115155 138.783353 1.479431 140.262783 23554.952283 20769.723904 0.499908 0.392184 1414.033349 2.529544 998.613280 9.999975 4.153071 0.603486 0.164203 3.990599 19.300704 0.225038 0.005433 
MP65 87.808388 0.223262 0.254260 0.020018 1173012.990072 1267589.976686 94576.986614 120.115356 135.415418 1.470522 136.885940 23544.740866 20674.257332 0.509886 0.392013 1442.256341 2.528445 998.612629 9.000104 4.809482 0.599852 0.160920 3.835961 19.303972 0.229529 0.005431 
MP66 87.263700 0.223715 0.256367 0.020028 1172882.975143 1267462.150004 94579.174862 120.102058 132.021072 1.476121 133.497193 23554.383816 20554.426914 0.519827 0.392238 1470.295473 2.529753 998.615622 9.000104 4.463328 0.602136 0.157933 3.690630 19.288848 0.234004 0.005434 
MP67 86.957728 0.243822 0.280392 0.017008 1173433.605709 1268012.670179 94579.064470 120.067280 111.464490 1.450421 112.914911 19996.633229 17388.617962 0.519999 0.333137 1470.568131 2.148271 998.615730 7.000071 4.367013 0.591652 0.134092 3.690993 19.288936 0.234082 0.004615 
MP68 87.382323 0.241830 0.276749 0.017010 1173365.760528 1267944.564174 94578.803646 120.061130 114.248920 1.449673 115.698594 19997.815053 17474.555358 0.510009 0.333185 1442.279516 2.148521 998.609698 7.000071 4.650968 0.591347 0.136738 3.837003 19.319042 0.229585 0.004616 
MP69 87.680298 0.251188 0.286481 0.017020 1173365.412823 1267944.004952 94578.592129 120.061617 117.015918 1.443985 118.459902 20010.201523 17545.004235 0.500128 0.333390 1414.338908 2.149847 998.607768 7.999943 3.933272 0.589027 0.139525 3.990109 19.328687 0.225137 0.004619 
MP70 88.033903 0.247580 0.281232 0.017023 1173428.046692 1268007.515835 94579.469143 120.068232 120.015159 1.456814 121.471973 20014.888733 17619.887633 0.489795 0.333440 1385.155185 2.150235 998.606648 7.999943 4.239133 0.594260 0.142491 4.160241 19.334356 0.220485 0.004620 
MP71 88.134593 0.238124 0.270182 0.017027 1173418.699096 1267994.566162 94575.867066 120.067319 122.697429 1.450700 124.148130 20019.446158 17644.057437 0.479896 0.333520 1357.155664 2.150739 998.607226 7.999943 4.512670 0.591766 0.145465 4.333635 19.331452 0.216029 0.004621 
MP72 88.263920 0.233830 0.264921 0.017004 1173437.690712 1268009.790227 94572.099515 120.068077 125.324732 1.433227 126.757958 19992.364606 17646.044647 0.470067 0.333064 1329.362795 2.147807 998.611713 7.999943 4.780600 0.584639 0.148303 4.516788 19.309029 0.211604 0.004614 
MP73 88.140239 0.241329 0.273801 0.017013 1173466.521068 1268038.348778 94571.827710 120.070936 127.923689 1.432218 129.355907 20003.037710 17630.725322 0.460220 0.333229 1301.533334 2.148896 998.614413 9.000104 4.045480 0.584227 0.151551 4.712112 19.295550 0.207172 0.004617 
MP74 88.009635 0.238033 0.270462 0.017017 1173449.415749 1268021.761399 94572.345650 120.069283 130.724963 1.427567 132.152530 20007.649957 17608.659691 0.449921 0.333313 1272.395725 2.149421 998.614596 9.000104 4.331152 0.582330 0.155060 4.930324 19.294617 0.202535 0.004618 
MP75 87.686026 0.235657 0.268751 0.017008 1173498.468731 1268068.909827 94570.441096 120.074787 133.162739 1.423449 134.586188 19998.309650 17535.722928 0.439945 0.333136 1244.212511 2.148332 998.608478 9.000104 4.579755 0.580650 0.158492 5.156458 19.325271 0.198045 0.004615 
MP76 87.204792 0.227918 0.261360 0.017012 1173568.378812 1268142.546946 94574.168134 120.082093 135.573179 1.406067 136.979246 20003.377179 17443.903473 0.429982 0.333191 1216.074792 2.148747 998.607854 9.999975 3.825699 0.573559 0.162190 5.398166 19.328478 0.193560 0.004616 
MP77 86.649238 0.221900 0.256090 0.017019 1173501.236262 1268078.515850 94577.279589 120.075512 138.092193 1.388075 139.480268 20011.385494 17339.713089 0.419762 0.333352 1187.136112 2.149726 998.607339 9.999975 4.082587 0.566220 0.166219 5.664233 19.330983 0.188959 0.004618 
MP78 86.049958 0.246047 0.285935 0.013999 1174155.003743 1268736.504998 94581.501255 120.066277 112.586067 1.354814 113.940881 16458.854769 14162.837611 0.419721 0.274205 1186.976399 1.768234 998.605561 7.000071 4.481391 0.552653 0.136740 5.668924 19.340620 0.188941 0.003799 
MP79 86.474409 0.257144 0.297364 0.014004 1174111.573293 1268690.531743 94578.958450 120.061867 110.414220 1.370970 111.785189 16464.187274 14237.308659 0.430073 0.274309 1216.228053 1.768871 998.606306 7.000071 4.259907 0.559243 0.133500 5.399312 19.336848 0.193601 0.003800 
MP80 86.721319 0.265540 0.306199 0.014012 1174101.456286 1268677.095187 94575.638901 120.061159 108.309476 1.336091 109.645567 16473.769627 14286.270294 0.439974 0.274471 1244.225703 1.769913 998.605163 5.999910 5.045428 0.545015 0.130573 5.159016 19.342534 0.198058 0.003803 
MP81 87.063544 0.268410 0.308292 0.014012 1174244.469697 1268812.193988 94567.724290 120.075702 106.326635 1.349761 107.676396 16475.580077 14344.223987 0.449811 0.274452 1272.119558 1.769892 998.605644 5.999910 4.843219 0.550591 0.127708 4.935851 19.340279 0.202486 0.003802 
MP82 87.335974 0.264216 0.302528 0.013983 1174233.370379 1268794.734071 94561.363692 120.073548 103.984503 1.368087 105.352590 16440.877305 14358.800286 0.460204 0.273880 1301.500446 1.766191 998.608585 5.999910 4.604369 0.558067 0.124564 4.715458 19.325558 0.207165 0.003794 
MP83 87.299205 0.272015 0.311589 0.013982 1174206.364562 1268759.389799 94553.025237 120.070464 101.769454 1.357104 103.126558 16439.603309 14351.643052 0.469909 0.273869 1328.931162 1.766095 998.611160 5.999910 4.378480 0.553587 0.121986 4.522686 19.312633 0.211533 0.003794 
MP84 86.981265 0.273009 0.313871 0.014023 1174099.258556 1268649.937043 94550.678487 120.060472 99.525652 1.376937 100.902589 16486.358971 14340.043594 0.479898 0.274682 1357.124040 1.771265 998.611049 5.999910 4.149658 0.561677 0.119802 4.336334 19.313060 0.216030 0.003806 
MP85 86.949659 0.280674 0.322800 0.014013 1174066.501737 1268619.513774 94553.012037 120.057559 97.367821 1.370711 98.738533 16474.332652 14324.376054 0.489886 0.274493 1385.352929 1.770026 998.605589 5.000039 4.929475 0.559137 0.117278 4.161321 19.340318 0.220526 0.003803 
MP86 86.737246 0.281631 0.324695 0.013992 1174170.378139 1268729.028089 94558.649950 120.067916 94.986191 1.367827 96.354019 16451.162614 14269.285377 0.500057 0.274072 1414.177010 1.767387 998.603712 5.000039 4.686598 0.557961 0.114717 3.993777 19.349822 0.225105 0.003797 
MP87 86.436132 0.281472 0.325641 0.013996 1174266.133596 1268829.686452 94563.552855 120.077347 92.786891 1.383105 94.169996 16457.346100 14225.093341 0.510050 0.274142 1442.493795 1.767906 998.607384 5.000039 4.462314 0.564193 0.112498 3.838815 19.331602 0.229603 0.003798 
MP88 85.979327 0.279436 0.325003 0.013997 1174274.241741 1268836.532062 94562.290321 120.077791 90.528399 1.396360 91.924759 16458.744850 14151.118011 0.519790 0.274163 1470.041626 1.768044 998.610797 5.000039 4.231995 0.569600 0.110398 3.696301 19.314548 0.233988 0.003798 
MP89 84.094898 0.331977 0.394764 0.011013 1174943.301248 1269506.252594 94562.951347 120.086177 69.366483 1.363218 70.729702 12950.023641 10890.309227 0.519868 0.215695 1470.312901 1.391039 998.604225 2.000135 5.073819 0.556081 0.086842 3.697067 19.348150 0.234023 0.002988 
MP90 84.594491 0.330384 0.390550 0.011003 1175077.528262 1269650.433439 94572.905177 120.099849 71.096949 1.373507 72.470456 12939.575667 10946.168233 0.509954 0.215484 1442.356142 1.389760 998.603015 3.000006 4.250420 0.560278 0.088444 3.842218 19.354364 0.229560 0.002985 
MP91 85.297491 0.330970 0.388018 0.010993 1175007.174484 1269590.363403 94583.188920 120.091686 73.099193 1.347737 74.446930 12927.129881 11026.517406 0.500076 0.215297 1414.369744 1.388509 998.609677 3.000006 4.454607 0.549766 0.090112 3.995510 19.321035 0.225113 0.002983 
MP92 85.376072 0.335004 0.392386 0.011016 1175079.623026 1269671.650362 94592.027336 120.099698 74.882110 1.347827 76.229937 12955.498370 11060.895666 0.489886 0.215749 1385.594386 1.391465 998.608061 3.000006 4.636428 0.549802 0.092180 4.163450 19.329215 0.220526 0.002989 
MP93 85.410380 0.320604 0.375369 0.011023 1175009.550825 1269604.478960 94594.928135 120.092924 76.554839 1.338963 77.893802 12962.479659 11071.303190 0.479886 0.215884 1357.273045 1.392297 998.605867 3.000006 4.807012 0.546187 0.094159 4.338766 19.340102 0.216025 0.002991 
MP94 85.708557 0.319012 0.372205 0.011004 1175127.890057 1269725.848959 94597.958902 120.105131 78.353807 1.353842 79.707649 12942.037454 11092.433489 0.469837 0.215511 1328.918098 1.389965 998.602102 3.000006 4.990470 0.552256 0.096007 4.526365 19.359035 0.211501 0.002986 
MP95 85.445998 0.322108 0.376973 0.011035 1175025.116500 1269631.880673 94606.764173 120.094900 80.041901 1.315658 81.357559 12976.759294 11088.121459 0.460149 0.216116 1301.461870 1.393810 998.604439 3.999877 4.162750 0.536680 0.098304 4.718936 19.347276 0.207140 0.002994 
MP96 85.711555 0.323369 0.377276 0.011011 1175150.798072 1269759.729453 94608.931381 120.107132 81.998655 1.314866 83.313522 12950.129614 11099.757451 0.449795 0.215640 1272.240975 1.390806 998.605909 3.999877 4.362298 0.536357 0.100345 4.938716 19.340083 0.202479 0.002988 
MP97 85.561278 0.314021 0.367013 0.011012 1175099.858190 1269707.728144 94607.869953 120.101128 83.736045 1.294663 85.030708 12950.715321 11080.797510 0.439970 0.215664 1244.418927 1.390929 998.612728 3.999877 4.539476 0.528116 0.102598 5.161760 19.305936 0.198056 0.002988 
MP98 85.261188 0.296905 0.348230 0.011011 1174972.023127 1269582.880113 94610.856986 120.088210 85.368467 1.291778 86.660245 12947.687010 11039.351804 0.430105 0.215649 1216.452192 1.390755 998.611382 3.999877 4.705950 0.526939 0.104943 5.401250 19.312531 0.193615 0.002988 
MP99 84.838218 0.289973 0.341796 0.011016 1175027.102602 1269633.808931 94606.706329 120.094221 87.084931 1.282196 88.367127 12954.548297 10990.407902 0.419917 0.215747 1187.666367 1.391425 998.608960 3.999877 4.880994 0.523031 0.107539 5.666526 19.324692 0.189029 0.002989 
