MP_Name eta e.eta f.eta Q_A p_Duese_rel p_Duese_abs p_amb H_tot M_Generator M_Lager M_mech P_hyd P_mech ku kcm n_rpm v_ME rho Masse_Aufgelegt Masse_Generator_Sensor Masse_Lager_Sensor phi psi T_Water n_ED Q_ED 
[] [%] [%] [%] [m^3/s] [Pa(r)] [Pa(a)] [Pa(a)] [m] [Nm] [Nm] [Nm] [W] [W] [-] [-] [rpm] [m/s] [kg/m^3] [kg] [kg] [kg] [-] [-] [°C] [-] [-] 
MP01 83.577956 0.157601 0.188567 0.035025 1167204.828712 1263982.943731 96778.115019 120.248727 221.434879 2.382144 223.817024 41223.300520 34453.592155 0.519400 0.685528 1469.984562 4.424040 998.156172 18.499896 4.081905 0.971719 0.276252 3.676008 21.464404 0.233812 0.009498 
MP02 84.051748 0.161140 0.191715 0.034981 1166979.949289 1263764.063863 96784.114574 120.223669 226.703422 2.370445 229.073868 41162.784477 34598.039752 0.509662 0.684738 1442.272513 4.418482 998.152629 18.499896 4.619188 0.966947 0.281206 3.817905 21.480122 0.229428 0.009487 
MP03 84.189965 0.161511 0.191841 0.035012 1166956.563445 1263743.075808 96786.512363 120.222932 231.782039 2.372670 234.154708 41199.550822 34685.887528 0.499870 0.685355 1414.559756 4.422450 998.153773 19.500058 4.136940 0.967854 0.286973 3.968880 21.474960 0.225021 0.009495 
MP04 84.518787 0.161797 0.191433 0.035016 1166941.452668 1263730.685131 96789.232463 120.221312 237.708235 2.372873 240.081108 41203.299269 34824.528667 0.489483 0.685430 1385.155856 4.422902 998.156112 19.500058 4.741290 0.967937 0.293095 4.139107 21.464429 0.220345 0.009496 
MP05 84.648927 0.159169 0.188034 0.035033 1166826.444611 1263617.487906 96791.043295 120.210352 243.001532 2.362626 245.364158 41219.457279 34891.828183 0.479891 0.685792 1357.950640 4.425033 998.157548 20.499929 4.281226 0.963757 0.299111 4.306184 21.457856 0.216027 0.009501 
MP06 84.659652 0.160437 0.189509 0.035013 1166836.159731 1263627.448821 96791.289090 120.211008 248.213207 2.357743 250.570950 41196.377143 34876.709626 0.469714 0.685406 1329.156648 4.422560 998.151028 21.500091 3.812548 0.961765 0.305419 4.494844 21.487191 0.211446 0.009496 
MP07 84.476917 0.155233 0.183757 0.035049 1166754.891315 1263546.060408 96791.169092 120.204454 253.274818 2.343195 255.618013 41235.960814 34834.868438 0.459900 0.686120 1301.349957 4.427041 998.153312 21.500091 4.328728 0.955831 0.312262 4.688647 21.476837 0.207028 0.009506 
MP08 84.385946 0.161548 0.191439 0.035040 1166701.121451 1263492.743655 96791.622204 120.198120 258.743034 2.336305 261.079339 41224.337510 34787.547075 0.449680 0.685978 1272.397143 4.426012 998.156459 22.499962 3.886503 0.953020 0.319293 4.904209 21.462628 0.202427 0.009504 
MP09 84.182990 0.162895 0.193501 0.035034 1166759.642934 1263549.952414 96790.309480 120.203761 263.976994 2.323844 266.300838 41219.019959 34699.403562 0.439735 0.685842 1244.287844 4.425234 998.156351 22.499962 4.420259 0.947937 0.326448 5.128549 21.463169 0.197950 0.009502 
MP10 83.929129 0.158447 0.188787 0.035045 1166606.225434 1263396.298376 96790.072942 120.188840 269.340253 2.301444 271.641697 41225.875200 34600.517880 0.429888 0.686084 1216.347164 4.426526 998.154925 23.500123 3.967040 0.938800 0.334045 5.366172 21.469427 0.193517 0.009505 
MP11 83.546768 0.161223 0.192974 0.035008 1166683.113550 1263474.073055 96790.959505 120.194061 274.572078 2.283788 276.855867 41184.631633 34408.428650 0.419441 0.685350 1186.813535 4.421885 998.159451 23.500123 4.500578 0.931598 0.341998 5.636913 21.449139 0.188815 0.009495 
MP12 84.103916 0.154619 0.183842 0.032037 1168627.582979 1265418.232598 96790.649619 120.231545 253.015770 2.180674 255.196444 37701.709967 31708.614447 0.419271 0.627102 1186.517175 4.046699 998.152499 21.500091 4.302311 0.889536 0.313059 5.649169 21.482403 0.188738 0.008688 
MP13 84.559496 0.158768 0.187759 0.032028 1168684.074327 1265473.867198 96789.792871 120.236558 248.075820 2.166507 250.242327 37692.354091 31872.464538 0.429771 0.626906 1216.259537 4.045517 998.154764 21.500091 3.798537 0.883756 0.305314 5.376505 21.472273 0.193465 0.008685 
MP14 84.860464 0.159024 0.187395 0.032018 1168566.178550 1265357.058794 96790.880244 120.223932 243.181044 2.147157 245.328201 37676.037701 31972.060369 0.439773 0.626733 1244.498942 4.044190 998.155042 20.499929 4.299533 0.875863 0.298288 5.134754 21.470904 0.197967 0.008683 
MP15 85.068593 0.162966 0.191570 0.032005 1168479.049261 1265269.191101 96790.141840 120.214595 238.315378 2.134969 240.450347 37658.171519 32035.276504 0.449599 0.626510 1272.255830 4.042593 998.153179 20.499929 3.803335 0.870892 0.291665 4.912790 21.479193 0.202391 0.008680 
MP16 85.212166 0.165027 0.193666 0.032021 1168721.891600 1265512.687708 96790.796108 120.240401 233.563837 2.116084 235.679921 37685.190045 32112.366541 0.459754 0.626758 1301.131256 4.044631 998.151879 19.500058 4.318647 0.863188 0.285336 4.698137 21.485286 0.206962 0.008683 
MP17 85.277474 0.166779 0.195572 0.032021 1168507.074372 1265299.494372 96792.420000 120.218779 228.686778 2.114819 230.801597 37678.460403 32131.239127 0.469790 0.626817 1329.413383 4.044647 998.149214 19.500058 3.821287 0.862672 0.279267 4.499551 21.497049 0.211480 0.008684 
MP18 85.131833 0.163890 0.192513 0.032036 1168576.901142 1265369.371112 96792.469970 120.226470 223.724436 2.108289 225.832725 37698.303870 32093.257196 0.479543 0.627086 1357.057669 4.046511 998.150990 18.499896 4.315392 0.860008 0.273704 4.318350 21.489139 0.215870 0.008688 
MP19 84.998731 0.165988 0.195283 0.032036 1168557.909298 1265350.586229 96792.676932 120.224614 218.770803 2.099478 220.870282 37697.949107 32042.778284 0.489550 0.627095 1385.365160 4.046538 998.150371 18.499896 3.810224 0.856414 0.268113 4.143612 21.491901 0.220375 0.008688 
MP20 84.789398 0.171656 0.202449 0.032021 1168452.973485 1265247.766922 96794.793437 120.213017 213.588813 2.081096 215.669909 37676.385013 31945.580140 0.499858 0.626827 1414.466302 4.044610 998.151049 17.500025 4.281638 0.848916 0.262472 3.974506 21.488752 0.225015 0.008684 
MP21 84.643901 0.165788 0.195865 0.032029 1168472.510223 1265267.505762 96794.995539 120.215312 209.078519 2.063746 211.142265 37686.568305 31899.381477 0.509833 0.626978 1442.708094 4.045622 998.152041 17.500025 3.821681 0.841839 0.257398 3.820483 21.484312 0.229506 0.008686 
MP22 84.159623 0.165896 0.197121 0.032044 1168346.016519 1265142.722375 96796.705856 120.203622 204.046590 2.042014 206.088603 37699.948420 31728.134346 0.519556 0.627294 1470.150993 4.047468 998.148096 16.499864 4.308689 0.832974 0.252709 3.678798 21.501913 0.233883 0.008691 
MP23 84.919156 0.172761 0.203442 0.029040 1169628.129167 1266426.202165 96798.072998 120.185204 186.466448 1.962122 188.428569 34160.843119 29009.099560 0.519593 0.568536 1470.140629 3.668067 998.149331 14.500121 4.515619 0.800384 0.229022 3.682883 21.497678 0.233899 0.007877 
MP24 85.390030 0.173854 0.203600 0.029055 1169618.375629 1266417.270203 96798.894574 120.185120 191.277901 1.961616 193.239517 34178.672492 29185.178766 0.509732 0.568835 1442.240867 3.669990 998.147724 15.499993 4.006416 0.800178 0.233575 3.826724 21.504887 0.229460 0.007881 
MP25 85.713427 0.180040 0.210049 0.029026 1169534.033577 1266334.170138 96800.136561 120.175152 195.621602 1.962453 197.584054 34142.209705 29264.457965 0.499899 0.568299 1414.360027 3.666379 998.147721 15.499993 4.449385 0.800519 0.237945 3.978794 21.504818 0.225034 0.007873 
MP26 85.668234 0.173825 0.202904 0.029075 1169621.826201 1266423.895667 96802.069466 120.186525 200.000826 1.966442 201.967268 34202.286754 29300.495027 0.489629 0.569218 1385.368626 3.672486 998.146734 15.499993 4.895975 0.802147 0.243329 4.147379 21.509342 0.220410 0.007886 
MP27 85.912288 0.173810 0.202311 0.029059 1169510.557633 1266314.211039 96803.653405 120.174509 204.571722 1.968987 206.540709 34180.008103 29364.827035 0.479862 0.568933 1357.666699 3.670465 998.145827 16.499864 4.362242 0.803184 0.248157 4.317946 21.513304 0.216014 0.007882 
MP28 85.949519 0.170133 0.197945 0.029045 1169500.896893 1266304.216462 96803.319569 120.173248 209.002915 1.972008 210.974922 34162.801301 29362.763411 0.469746 0.568658 1329.038225 3.668668 998.142499 17.500025 3.813971 0.804417 0.253379 4.505951 21.528230 0.211460 0.007878 
MP29 85.859988 0.169060 0.196902 0.029050 1169429.536999 1266231.218125 96801.681125 120.166260 213.329080 1.973616 215.302696 34167.076715 29335.848075 0.459895 0.568779 1301.129616 3.669342 998.142076 17.500025 4.255151 0.805073 0.258861 4.701040 21.530049 0.207026 0.007880 
MP30 85.696888 0.166430 0.194207 0.029053 1169586.198992 1266388.096234 96801.897242 120.182164 217.862553 1.973727 219.836281 34175.263891 29287.137775 0.449633 0.568801 1272.181116 3.669728 998.144130 17.500025 4.717472 0.805118 0.264779 4.918067 21.520994 0.202406 0.007880 
MP31 85.459703 0.164048 0.191959 0.029042 1169431.686962 1266234.584885 96802.897923 120.165923 222.064136 1.977364 224.041500 34157.124046 29190.576907 0.439769 0.568615 1244.186798 3.668278 998.143397 18.499896 4.146076 0.806602 0.270630 5.141195 21.524129 0.197966 0.007878 
MP32 85.213669 0.164356 0.192875 0.029032 1169485.891081 1266290.479371 96804.588290 120.171237 226.426989 1.986718 228.413707 34147.305408 29098.171928 0.429976 0.568415 1216.507878 3.667069 998.141490 18.499896 4.590997 0.810417 0.276696 5.378069 21.532741 0.193557 0.007875 
MP33 84.762416 0.164095 0.193594 0.029039 1169467.858005 1266273.094407 96805.236402 120.169236 230.994023 1.985779 232.979802 34155.315350 28950.870420 0.419419 0.568560 1186.628394 3.667975 998.145651 19.500058 4.056579 0.810034 0.283734 5.652210 21.514055 0.188805 0.007877 
MP34 85.265758 0.174588 0.204757 0.026049 1171621.277018 1268424.960277 96803.683259 120.255298 208.329048 1.940893 210.269942 30660.090341 26142.558377 0.419488 0.509830 1187.250262 3.290264 998.145139 16.499864 4.745412 0.791725 0.254383 5.656690 21.518543 0.188836 0.007063 
MP35 85.729001 0.175946 0.205235 0.026035 1171542.328816 1268349.332394 96807.003578 120.246441 204.259854 1.950087 206.209942 30641.509081 26268.659725 0.429826 0.509576 1216.465223 3.288507 998.146820 16.499864 4.330438 0.795475 0.248141 5.387875 21.510925 0.193490 0.007060 
MP36 85.876488 0.177612 0.206823 0.026052 1171503.923568 1268309.541026 96805.617458 120.243956 200.112946 1.952108 202.065054 30660.421765 26330.093526 0.439674 0.509910 1244.321407 3.290624 998.140746 16.499864 3.907538 0.796300 0.242742 5.149205 21.538137 0.197923 0.007064 
MP37 86.196897 0.177909 0.206398 0.026039 1171596.025257 1268401.016952 96804.991695 120.252682 196.314488 1.947544 198.262032 30647.818090 26417.468147 0.449578 0.509644 1272.398125 3.289029 998.141987 15.499993 4.520045 0.794438 0.237271 4.924849 21.532660 0.202381 0.007061 
MP38 86.445663 0.182134 0.210692 0.026055 1171634.689011 1268438.540540 96803.851529 120.256412 192.488037 1.933494 194.421532 30667.248539 26510.506238 0.460066 0.509940 1302.102111 3.290988 998.149300 15.499993 4.129826 0.788707 0.231996 4.702838 21.499875 0.207103 0.007065 
MP39 86.446286 0.178944 0.207000 0.026045 1171560.014398 1268362.453786 96802.439389 120.249667 188.467497 1.922552 190.390049 30654.183784 26499.403302 0.469625 0.509771 1329.117058 3.289806 998.138624 14.500121 4.719685 0.784243 0.227199 4.513366 21.547701 0.211405 0.007063 
MP40 86.275061 0.182760 0.211834 0.026069 1171450.857502 1268253.436532 96802.579030 120.239261 184.285397 1.915978 186.201375 30679.519890 26468.774494 0.479655 0.510257 1357.445281 3.292803 998.140784 14.500121 4.293197 0.781561 0.222660 4.326542 21.537905 0.215921 0.007069 
MP41 86.406080 0.186247 0.215548 0.026024 1171547.700168 1268348.508731 96800.808564 120.246817 180.499719 1.904662 182.404380 30628.120795 26464.558645 0.489546 0.509352 1385.481637 3.287068 998.144242 13.499960 4.907297 0.776945 0.217775 4.153541 21.522490 0.220373 0.007057 
MP42 86.224037 0.187761 0.217760 0.026047 1171501.348217 1268302.221544 96800.873328 120.243418 176.576538 1.890730 178.467268 30654.300125 26431.375134 0.499725 0.509811 1414.270771 3.289981 998.141241 13.499960 4.507213 0.771262 0.213530 3.986016 21.535903 0.224956 0.007063 
MP43 85.862582 0.182252 0.212260 0.026045 1171565.059666 1268367.216022 96802.156356 120.250444 172.376849 1.882222 174.259071 30653.769179 26320.117780 0.509624 0.509760 1442.327273 3.289748 998.136281 13.499960 4.078931 0.767792 0.209362 3.832678 21.558202 0.229412 0.007062 
MP44 85.395648 0.182657 0.213895 0.026053 1171413.583233 1268214.346067 96800.762835 120.235620 168.182036 1.873454 170.055490 30659.778145 26182.116303 0.519515 0.509956 1470.230647 3.290806 998.133797 12.500089 4.651018 0.764215 0.205455 3.688110 21.569173 0.233864 0.007065 
MP45 85.816383 0.197722 0.230401 0.023001 1172512.554752 1269311.691348 96799.136596 120.225868 149.036183 1.809518 150.845701 27066.332079 23227.347319 0.519599 0.450241 1470.408681 2.905341 998.135884 10.500056 4.698568 0.738134 0.181367 3.690669 21.560941 0.233902 0.006238 
MP46 86.237676 0.194921 0.226027 0.023014 1172426.748917 1269223.288433 96796.539516 120.217417 152.812197 1.799192 154.611389 27079.823635 23353.010438 0.509705 0.450512 1442.357024 2.906989 998.137319 11.499927 4.083772 0.733922 0.184999 3.835334 21.554417 0.229448 0.006242 
MP47 86.540358 0.193903 0.224061 0.023017 1172333.469897 1269130.488992 96797.019095 120.207500 156.448498 1.791780 158.240278 27080.678628 23435.716252 0.499800 0.450580 1414.270808 2.907309 998.141332 11.499927 4.454600 0.730899 0.188694 3.988847 21.536335 0.224989 0.006243 
MP48 86.713834 0.194667 0.224493 0.023020 1172413.378191 1269208.496428 96795.118236 120.216202 160.111656 1.788829 161.900485 27085.960403 23487.274765 0.489558 0.450621 1385.338361 2.907676 998.137759 11.499927 4.828167 0.729695 0.192659 4.157497 21.552430 0.220378 0.006243 
MP49 86.579403 0.188477 0.217693 0.023037 1172322.942914 1269118.789001 96795.846087 120.207799 163.324043 1.783783 165.107826 27104.199197 23466.653742 0.479643 0.450972 1357.234493 2.909842 998.136139 12.500089 4.155602 0.727637 0.196795 4.331129 21.559597 0.215915 0.006248 
MP50 86.754938 0.191014 0.220176 0.023003 1172475.871106 1269272.287170 96796.416063 120.222331 166.946933 1.784747 168.731679 27067.700627 23482.566813 0.469632 0.450284 1328.985736 2.905576 998.134707 12.500089 4.525062 0.728030 0.200683 4.517805 21.566170 0.211409 0.006238 
MP51 86.673082 0.188666 0.217676 0.023023 1172363.418623 1269161.840733 96798.422110 120.211753 170.518319 1.780405 172.298724 27088.753496 23478.657438 0.459853 0.450694 1301.255506 2.908096 998.133340 12.500089 4.889270 0.726258 0.205138 4.711963 21.572177 0.207006 0.006244 
MP52 86.252047 0.190006 0.220292 0.023036 1172390.740563 1269190.749037 96800.008474 120.215057 173.702417 1.778342 175.480759 27105.035833 23378.648246 0.449585 0.450946 1272.217233 2.909765 998.133192 13.499960 4.214112 0.725417 0.209940 4.929634 21.572871 0.202384 0.006248 
MP53 86.174076 0.185420 0.215169 0.023021 1172457.541961 1269258.909360 96801.367399 120.220612 177.385276 1.775654 179.160930 27088.831255 23343.550000 0.439678 0.450643 1244.213694 2.907873 998.139098 13.499960 4.589688 0.724321 0.214526 5.154297 21.546484 0.197925 0.006243 
MP54 85.919718 0.184686 0.214952 0.023002 1172430.669259 1269231.284813 96800.615554 120.216770 180.783870 1.780040 182.563910 27064.650503 23253.871403 0.429832 0.450261 1216.330844 2.905362 998.142032 13.499960 4.936274 0.726110 0.219254 5.393178 21.533300 0.193492 0.006238 
MP55 85.343727 0.180445 0.211433 0.023026 1172350.761503 1269151.165663 96800.404159 120.209365 184.259924 1.767835 186.027760 27091.878157 23121.218486 0.419435 0.450755 1186.873256 2.908460 998.143362 14.500121 4.290599 0.721131 0.224935 5.663818 21.527253 0.188812 0.006245 
MP56 85.400551 0.191332 0.224040 0.020060 1173685.857330 1270487.095071 96801.237741 120.242089 160.321006 1.698603 162.019609 23608.027996 20161.385876 0.419880 0.392631 1188.294763 2.533766 998.140909 11.499927 4.849516 0.692890 0.195723 5.656724 21.539618 0.189013 0.005440 
MP57 85.889020 0.191117 0.222516 0.020024 1173667.050314 1270467.256505 96800.206191 120.239033 157.210317 1.708448 158.918766 23565.182657 20239.904353 0.429746 0.391934 1216.199035 2.529233 998.140608 11.499927 4.532290 0.696906 0.190890 5.400043 21.540944 0.193454 0.005430 
MP58 86.160241 0.203284 0.235937 0.020018 1173688.524159 1270489.411254 96800.887096 120.240996 154.052526 1.714216 155.766742 23558.790506 20298.310623 0.439703 0.391818 1244.390080 2.528505 998.140967 11.499927 4.210260 0.699259 0.186512 5.158237 21.539360 0.197936 0.005428 
MP59 86.377226 0.204339 0.236566 0.020033 1173674.427082 1270475.992686 96801.565604 120.240021 151.125061 1.707745 152.832806 23576.344877 20364.592627 0.449610 0.392114 1272.420106 2.530409 998.141179 10.500056 4.911590 0.696619 0.182541 4.933419 21.538397 0.202395 0.005433 
MP60 86.729811 0.206580 0.238188 0.020011 1173663.851593 1270465.855140 96802.003547 120.238587 148.199733 1.703008 149.902741 23549.747753 20424.651782 0.459753 0.391680 1301.117353 2.527592 998.138078 10.500056 4.613267 0.694687 0.178316 4.718169 21.552288 0.206961 0.005426 
MP61 86.776324 0.212458 0.244834 0.020022 1173522.627840 1270327.783826 96805.155986 120.224376 145.180976 1.697709 146.878685 23560.216862 20444.690052 0.469706 0.391923 1329.208584 2.529012 998.139310 9.499895 5.305577 0.692526 0.174645 4.520301 21.546627 0.211442 0.005430 
MP62 86.808873 0.210599 0.242601 0.020030 1173667.142874 1270471.925907 96804.783032 120.239174 142.247545 1.702549 143.950094 23572.365078 20462.904389 0.479660 0.392052 1357.458947 2.530000 998.141156 9.499895 5.006427 0.694500 0.171077 4.334639 21.538496 0.215923 0.005432 
MP63 86.870835 0.219777 0.252993 0.020012 1173571.166172 1270375.226338 96804.060166 120.229077 139.300069 1.708383 141.008452 23549.316598 20457.488050 0.489557 0.391719 1385.410715 2.527744 998.138736 9.499895 4.705845 0.696880 0.167476 4.161164 21.549248 0.220378 0.005427 
MP64 86.557718 0.218678 0.252638 0.020053 1173657.068840 1270459.112829 96802.043989 120.239343 136.234866 1.700430 137.935296 23600.034361 20427.651296 0.499713 0.392513 1414.211638 2.532975 998.137578 9.499895 4.393258 0.693635 0.164405 3.993699 21.554518 0.224950 0.005438 
MP65 86.460452 0.212313 0.245561 0.020006 1173701.818648 1270505.219154 96803.400506 120.242203 133.088760 1.695299 134.784059 23544.640727 20356.802821 0.509617 0.391577 1442.256227 2.526966 998.138928 8.500023 5.072292 0.691542 0.160826 3.840036 21.548520 0.229408 0.005425 
MP66 85.847799 0.208827 0.243253 0.020039 1173588.085384 1270391.058171 96802.972787 120.231879 129.764888 1.691697 131.456585 23582.027649 20244.651699 0.519660 0.392250 1470.616197 2.531200 998.137221 8.500023 4.733325 0.690073 0.157989 3.693007 21.556049 0.233929 0.005434 
MP67 85.601060 0.238095 0.278145 0.017010 1174072.773137 1270874.336103 96801.562966 120.190890 109.622354 1.640406 111.262759 20010.459132 17129.165117 0.519579 0.333015 1470.136809 2.148589 998.130655 6.499991 4.679233 0.669150 0.134151 3.696966 21.585939 0.233893 0.004614 
MP68 86.024230 0.235884 0.274207 0.017009 1174006.230993 1270807.671897 96801.440903 120.183415 112.325673 1.638334 113.964007 20007.797359 17211.553695 0.509719 0.333000 1442.194215 2.148425 998.135982 6.499991 4.954916 0.668305 0.136740 3.841374 21.562022 0.229454 0.004614 
MP69 86.358635 0.235416 0.272603 0.017010 1173939.945655 1270739.201820 96799.256165 120.176813 115.039142 1.631225 116.670367 20008.069482 17278.695784 0.499852 0.333033 1414.235633 2.148575 998.134837 7.499862 4.231763 0.665406 0.139453 3.994537 21.567079 0.225012 0.004614 
MP70 86.679627 0.236683 0.273055 0.017019 1174085.766355 1270884.331174 96798.564819 120.192222 117.984162 1.626507 119.610669 20020.441543 17353.644117 0.489648 0.333175 1385.454122 2.149633 998.132519 7.499862 4.532094 0.663481 0.142420 4.162753 21.577605 0.220419 0.004616 
MP71 86.643063 0.230355 0.265867 0.017002 1173938.252788 1270738.961122 96800.708334 120.176763 120.301017 1.621309 121.922326 19998.006563 17326.885374 0.479654 0.332866 1357.089982 2.147502 998.131864 7.499862 4.768366 0.661361 0.145253 4.338039 21.580392 0.215920 0.004612 
MP72 86.431828 0.228106 0.263915 0.017040 1174057.610720 1270858.924407 96801.313686 120.190287 122.855030 1.611799 124.466829 20045.002583 17325.262079 0.469778 0.333593 1329.222147 2.152311 998.129573 7.499862 5.028823 0.657481 0.148630 4.522314 21.590765 0.211474 0.004622 
MP73 86.286500 0.224296 0.259944 0.017027 1173877.387012 1270678.050771 96800.663759 120.172009 125.233352 1.606946 126.840298 20026.834828 17280.454898 0.459830 0.333368 1300.976042 2.150696 998.125499 8.500023 4.271202 0.655502 0.151743 4.720113 21.608797 0.206996 0.004619 
MP74 86.075846 0.223172 0.259274 0.017026 1173957.038278 1270756.926504 96799.888226 120.179421 127.776498 1.599225 129.375722 20026.727769 17238.175284 0.449702 0.333333 1272.359648 2.150540 998.131253 8.500023 4.530550 0.652352 0.155145 4.935125 21.583141 0.202437 0.004618 
MP75 86.008379 0.223981 0.260418 0.017007 1174028.721059 1270825.827938 96797.106878 120.185956 130.451663 1.588462 132.040125 20006.408453 17207.187609 0.439823 0.332967 1244.443977 2.148236 998.133616 8.500023 4.803362 0.647962 0.158455 5.159323 21.572635 0.197990 0.004613 
MP76 85.538319 0.212008 0.247852 0.017024 1173901.729719 1270699.652421 96797.922703 120.173736 132.897242 1.585756 134.482998 20023.424469 17127.700770 0.429861 0.333302 1216.194587 2.150287 998.131075 9.499895 4.052889 0.646858 0.162290 5.401214 21.583881 0.193505 0.004618 
MP77 85.242610 0.210990 0.247518 0.017019 1174068.556546 1270866.551410 96797.994863 120.190804 135.628398 1.575673 137.204071 20020.889928 17066.329109 0.419796 0.333189 1187.803225 2.149712 998.129837 9.499895 4.331410 0.642745 0.166125 5.663316 21.589586 0.188975 0.004616 
MP78 84.425463 0.243278 0.288158 0.014008 1174720.288705 1271518.856166 96798.567461 120.181602 110.401801 1.507990 111.909792 16477.007620 13910.789931 0.419533 0.274244 1187.011936 1.769332 998.127992 6.499991 4.758721 0.615136 0.136821 5.674027 21.598504 0.188856 0.003799 
MP79 84.760969 0.243793 0.287624 0.014009 1174706.221391 1271503.491367 96797.269976 120.180123 108.162548 1.514666 109.677214 16478.537963 13967.368464 0.429816 0.274274 1216.100771 1.769517 998.128612 6.499991 4.530363 0.617859 0.133562 5.405763 21.595712 0.193485 0.003800 
MP80 84.986560 0.248979 0.292963 0.014007 1174749.098461 1271545.214074 96796.115613 120.184308 105.925884 1.523140 107.449023 16476.167792 14002.528271 0.439826 0.274220 1244.444026 1.769199 998.129762 5.500119 5.302141 0.621316 0.130497 5.162508 21.590611 0.197991 0.003799 
MP81 85.401740 0.264260 0.309432 0.013984 1174776.924752 1271572.110991 96795.186238 120.186413 103.926947 1.525136 105.452083 16449.982003 14048.570797 0.449625 0.273777 1272.179411 1.766353 998.131637 5.500119 5.098291 0.622130 0.127447 4.939969 21.582247 0.202402 0.003793 
MP82 85.498539 0.265775 0.310853 0.013999 1174720.540296 1271515.473321 96794.933024 120.181239 101.776047 1.531995 103.308042 16466.934260 14078.988213 0.459960 0.274077 1301.393688 1.768253 998.129599 5.500119 4.878943 0.624928 0.124720 4.720452 21.591308 0.207055 0.003797 
MP83 85.522379 0.257968 0.301638 0.014005 1174672.770762 1271466.541313 96793.770551 120.176669 99.682226 1.529810 101.212036 16473.739354 14088.733739 0.469819 0.274206 1329.263807 1.769053 998.128216 5.500119 4.665417 0.624037 0.122160 4.524406 21.597445 0.211493 0.003799 
MP84 85.605506 0.262881 0.307084 0.013947 1174743.968884 1271537.234528 96793.265644 120.182618 97.266069 1.536827 98.802896 16405.786405 14044.256481 0.479744 0.273055 1357.376916 1.761669 998.128182 5.500119 4.419018 0.626899 0.119131 4.339197 21.597666 0.215961 0.003783 
MP85 85.545563 0.274797 0.321229 0.013931 1174623.582021 1271416.900371 96793.318350 120.170808 95.088001 1.542404 96.630405 16385.053287 14016.686089 0.489591 0.272752 1385.169529 1.759628 998.121064 4.499958 5.197061 0.629174 0.116605 4.166420 21.629356 0.220393 0.003779 
MP86 85.335342 0.273161 0.320103 0.013960 1174562.735634 1271352.840376 96790.104742 120.165241 93.061206 1.546924 94.608130 16418.723291 14010.973754 0.499863 0.273331 1414.201338 1.763325 998.121180 4.499958 4.990370 0.631018 0.114451 3.996905 21.628768 0.225018 0.003787 
MP87 84.979219 0.270062 0.317797 0.013958 1174703.919727 1271492.431256 96788.511530 120.179909 90.811797 1.556349 92.368146 16417.793960 13951.713111 0.509789 0.273267 1442.370041 1.763015 998.118694 4.499958 4.760976 0.634862 0.112196 3.842786 21.640006 0.229486 0.003786 
MP88 84.308572 0.266184 0.315726 0.013982 1174633.992832 1271421.348904 96787.356072 120.172335 88.488581 1.559852 90.048433 16445.859414 13865.269228 0.519698 0.273757 1470.359487 1.766125 998.126925 4.499958 4.524056 0.636291 0.110255 3.697627 21.603166 0.233946 0.003793 
MP89 82.350024 0.320993 0.389791 0.010960 1175337.219286 1272124.837271 96787.617985 120.184144 67.434502 1.529945 68.964447 12892.580134 10617.042798 0.519584 0.214580 1470.109518 1.384416 998.116285 1.500054 5.376877 0.624092 0.086440 3.701138 21.651396 0.233895 0.002973 
MP90 82.919457 0.322961 0.389488 0.010964 1175386.837517 1272174.766369 96787.928852 120.188144 69.265055 1.531273 70.796328 12897.345835 10694.409160 0.509819 0.214647 1442.505396 1.384869 998.125714 2.499925 4.563685 0.624633 0.088123 3.844271 21.609342 0.229499 0.002974 
MP91 83.237660 0.326414 0.392147 0.010975 1175463.448702 1272252.120582 96788.671879 120.195824 71.034462 1.528792 72.563254 12911.112625 10746.908014 0.499831 0.214855 1414.288998 1.386255 998.128560 2.499925 4.744128 0.623621 0.089971 3.999445 21.596699 0.225003 0.002977 
MP92 83.789742 0.337633 0.402953 0.010951 1175408.555941 1272197.028310 96788.472369 120.189962 72.884952 1.523026 74.407978 12882.503523 10794.216437 0.489597 0.214395 1385.297346 1.383252 998.127143 2.499925 4.932840 0.621269 0.091655 4.168409 21.602976 0.220396 0.002970 
MP93 83.822474 0.319566 0.381242 0.010969 1175476.547063 1272263.608465 96787.061402 120.197579 74.588637 1.507900 76.096538 12904.142414 10816.571410 0.479709 0.214735 1357.363313 1.385492 998.124203 2.499925 5.106581 0.615099 0.093693 4.342007 21.616184 0.215945 0.002975 
MP94 83.936950 0.309155 0.368319 0.010969 1175503.663005 1272290.430105 96786.767099 120.200642 76.299120 1.500491 77.799611 12904.993366 10832.057779 0.469874 0.214741 1329.550758 1.385551 998.121838 2.499925 5.281015 0.612077 0.095657 4.525681 21.626774 0.211517 0.002975 
MP95 83.816282 0.306150 0.365264 0.010975 1175420.091906 1272203.802044 96783.710138 120.192008 77.934513 1.486405 79.420918 12911.224462 10821.708261 0.459858 0.214868 1301.164785 1.386318 998.123533 3.500087 4.447630 0.606331 0.097798 4.724954 21.619115 0.207009 0.002977 
MP96 83.758410 0.312630 0.373252 0.010965 1175418.920573 1272203.899236 96784.978663 120.192032 79.620218 1.472844 81.093061 12899.512462 10804.426537 0.449657 0.214673 1272.299649 1.385064 998.120871 3.500087 4.619537 0.600799 0.099926 4.941788 21.631006 0.202417 0.002974 
MP97 83.727707 0.305895 0.365345 0.010958 1175408.648502 1272194.137790 96785.489288 120.190689 81.361908 1.460244 82.822152 12890.366771 10792.808539 0.439798 0.214525 1244.398116 1.384095 998.122175 3.500087 4.797153 0.595659 0.102095 5.165827 21.625174 0.197979 0.002972 
MP98 83.433437 0.292107 0.350108 0.010963 1175496.994339 1272282.948819 96785.954480 120.199044 83.033626 1.453680 84.487306 12897.237247 10760.608281 0.429829 0.214615 1216.232886 1.384728 998.128491 3.500087 4.967634 0.592982 0.104507 5.408227 21.597035 0.193491 0.002973 
MP99 83.219719 0.292766 0.351799 0.010946 1175380.529518 1272163.242059 96782.712541 120.186722 84.679182 1.431147 86.110330 12876.471696 10715.763512 0.419992 0.214302 1188.335989 1.382639 998.129555 3.500087 5.135447 0.583790 0.106799 5.664563 21.592148 0.189063 0.002969 
