MP_Name eta e.eta f.eta Q_A p_Duese_rel p_Duese_abs p_amb H_tot M_Generator M_Lager M_mech P_hyd P_mech ku kcm n_rpm v_ME rho Masse_Aufgelegt Masse_Generator_Sensor Masse_Lager_Sensor phi psi T_Water n_ED Q_ED 
[] [%] [%] [%] [m^3/s] [Pa(r)] [Pa(a)] [Pa(a)] [m] [Nm] [Nm] [Nm] [W] [W] [-] [-] [rpm] [m/s] [kg/m^3] [kg] [kg] [kg] [-] [-] [°C] [-] [-] 
MP01 84.175311 0.161022 0.191294 0.035029 1166954.815940 1262932.151207 95977.335267 120.153408 223.164742 2.208671 225.373413 41219.325883 34696.495740 0.519656 0.685875 1470.125173 4.424523 998.742512 18.499896 4.258315 0.900956 0.276256 3.672360 18.638493 0.233927 0.009502 
MP02 84.558359 0.158998 0.188033 0.035049 1166917.274462 1262892.424102 95975.149640 120.150880 228.733484 2.170158 230.903642 41242.762564 34874.203399 0.509813 0.686287 1442.264440 4.427137 998.741454 18.499896 4.826212 0.885246 0.281759 3.815492 18.643928 0.229497 0.009508 
MP03 84.783981 0.169417 0.199821 0.035058 1166926.030325 1262900.828960 95974.798635 120.151877 233.990858 2.156287 236.147145 41253.142779 34976.056761 0.499947 0.686449 1414.358574 4.428200 998.744616 19.500058 4.362194 0.879588 0.287387 3.967557 18.627529 0.225055 0.009510 
MP04 85.003304 0.160354 0.188644 0.035037 1166846.907461 1262821.442020 95974.534559 120.143155 239.396490 2.152011 241.548501 41225.113460 35042.708322 0.489717 0.686061 1385.366558 4.425534 998.739914 19.500058 4.913457 0.877843 0.293224 4.135094 18.651833 0.220450 0.009505 
MP05 85.177280 0.159644 0.187425 0.035036 1166769.090096 1262741.685472 95972.595377 120.134968 244.892017 2.144544 247.036560 41220.999550 35110.926396 0.479786 0.686062 1357.226839 4.425387 998.741381 20.499929 4.474017 0.874797 0.299294 4.308046 18.644125 0.215979 0.009505 
MP06 85.198308 0.156375 0.183542 0.035045 1166894.976143 1262866.032799 95971.056657 120.148338 250.295971 2.140555 252.436526 41237.334147 35133.511019 0.469798 0.686219 1329.048224 4.426646 998.741817 21.500091 4.024947 0.873170 0.305727 4.493145 18.642012 0.211484 0.009507 
MP07 85.103607 0.160613 0.188726 0.035059 1166894.325268 1262862.326697 95968.001428 120.149454 255.516915 2.133089 257.650004 41253.345069 35108.084761 0.459957 0.686478 1301.212919 4.428339 998.738314 21.500091 4.557376 0.870125 0.312386 4.687448 18.660166 0.207053 0.009511 
MP08 84.881021 0.156556 0.184442 0.035062 1166738.757730 1262706.989142 95968.231412 120.133528 260.670339 2.133622 262.803961 41251.875032 35015.012571 0.449771 0.686589 1272.312407 4.428760 998.740251 22.499962 4.083048 0.870342 0.319512 4.902154 18.649938 0.202468 0.009512 
MP09 84.572970 0.156422 0.184956 0.035077 1166766.177685 1262731.530181 95965.352496 120.137125 265.725975 2.133167 267.859142 41270.317420 34903.533153 0.439871 0.686864 1244.326357 4.430606 998.740561 22.499962 4.598619 0.870156 0.326835 5.125260 18.648358 0.198011 0.009516 
MP10 84.290141 0.156276 0.185402 0.035046 1166753.947647 1262716.156253 95962.208606 120.134266 270.734114 2.136740 272.870854 41232.830216 34755.210906 0.429962 0.686266 1216.281667 4.426693 998.739243 23.500123 4.109185 0.871614 0.334075 5.364289 18.655173 0.193551 0.009508 
MP11 83.931655 0.153874 0.183333 0.035041 1166702.963901 1262665.291951 95962.328049 120.129036 276.072419 2.137759 278.210178 41224.795985 34600.653596 0.419844 0.686179 1187.634130 4.426033 998.736954 23.500123 4.653582 0.872030 0.342083 5.625967 18.666971 0.188996 0.009507 
MP12 84.519187 0.155078 0.183482 0.032032 1168431.955426 1264389.501478 95957.546052 120.141487 254.164077 2.096886 256.260963 37688.628877 31854.122743 0.419602 0.627223 1187.010544 4.045962 998.736184 21.500091 4.419414 0.855357 0.312872 5.640230 18.673001 0.188887 0.008690 
MP13 84.971656 0.163387 0.192285 0.032032 1168477.531578 1264435.308509 95957.776931 120.146074 249.381161 2.098232 251.479392 37690.571162 32026.302536 0.429883 0.627219 1216.118182 4.046013 998.736918 21.500091 3.931655 0.855906 0.305387 5.373671 18.669253 0.193515 0.008690 
MP14 85.249172 0.164902 0.193436 0.032045 1168489.494865 1264446.579049 95957.084184 120.147919 244.610760 2.075391 246.686151 37706.968346 32144.878132 0.439855 0.627477 1244.338093 4.047708 998.737559 20.499929 4.445335 0.846589 0.298586 5.132749 18.665949 0.198004 0.008693 
MP15 85.509265 0.160143 0.187282 0.032030 1168456.146617 1264413.723344 95957.576728 120.144162 239.795856 2.057814 241.853669 37686.892025 32225.784293 0.449780 0.627175 1272.395712 4.045696 998.733552 20.499929 3.954313 0.839419 0.291857 4.908759 18.686656 0.202472 0.008689 
MP16 85.731743 0.165866 0.193471 0.032039 1168391.373351 1264347.851140 95956.477790 120.138092 235.171560 2.039839 237.211399 37696.513137 32317.877698 0.459905 0.627382 1301.004087 4.046934 998.733279 19.500058 4.482601 0.832086 0.285527 4.694992 18.687988 0.207030 0.008692 
MP17 85.791018 0.163554 0.190642 0.032038 1168363.656285 1264317.938063 95954.281778 120.135144 230.341579 2.033467 232.375046 37694.572269 32338.557210 0.469783 0.627373 1328.931310 4.046823 998.733881 19.500058 3.990043 0.829487 0.279519 4.499627 18.684837 0.211477 0.008692 
MP18 85.734676 0.162440 0.189468 0.032053 1168354.537640 1264307.072124 95952.534484 120.135070 225.414920 2.025436 227.440355 37711.344325 32331.698720 0.479874 0.627653 1357.476687 4.048630 998.732949 18.499896 4.487787 0.826211 0.273763 4.312349 18.689643 0.216019 0.008696 
MP19 85.524966 0.168088 0.196536 0.032050 1168321.767710 1264272.867974 95951.100265 120.131485 220.271389 2.015261 222.286650 37706.686232 32248.630504 0.489745 0.627603 1385.381159 4.048248 998.733627 18.499896 3.963253 0.822061 0.268224 4.140260 18.686091 0.220463 0.008695 
MP20 85.506867 0.170711 0.199646 0.032016 1168427.990427 1264379.416282 95951.425855 120.140590 215.441107 2.003984 217.445092 37670.245424 32210.646785 0.500041 0.626925 1414.559496 4.044029 998.733633 17.500025 4.470534 0.817461 0.262417 3.971579 18.686188 0.225098 0.008686 
MP21 85.127796 0.167418 0.196666 0.032060 1168217.098556 1264167.976571 95950.878015 120.121608 210.571842 1.990619 212.562460 37715.592555 32106.452774 0.509913 0.627830 1442.371523 4.049546 998.731326 17.500025 3.973969 0.812009 0.257708 3.819214 18.697875 0.229542 0.008698 
MP22 84.753197 0.169712 0.200243 0.032047 1168154.832275 1264103.070671 95948.238397 120.114433 205.515637 1.976017 207.491654 37698.214783 31950.442267 0.519852 0.627597 1470.441064 4.047917 998.732536 16.499864 4.458502 0.806052 0.252687 3.674594 18.691535 0.234016 0.008695 
MP23 85.283766 0.173927 0.203939 0.029060 1170355.601046 1266303.774481 95948.173435 120.190713 187.554081 1.908614 189.462695 34206.206014 29172.340650 0.519653 0.568920 1470.343981 3.670627 998.732113 14.500121 4.626536 0.778557 0.229150 3.682004 18.696333 0.233926 0.007882 
MP24 85.826751 0.175786 0.204815 0.029051 1170259.798795 1266208.773092 95948.974297 120.180437 192.445156 1.905478 194.350635 34192.131366 29345.995532 0.509621 0.568759 1441.897092 3.669429 998.732497 15.499993 4.125453 0.777278 0.233595 3.828406 18.694235 0.229410 0.007880 
MP25 86.114939 0.175879 0.204237 0.029058 1170324.608822 1266273.189860 95948.581037 120.187350 196.940252 1.904387 198.844640 34203.228883 29454.089675 0.499923 0.568894 1414.500480 3.670406 998.733079 15.499993 4.583860 0.776833 0.238183 3.978360 18.691299 0.225045 0.007882 
MP26 86.134124 0.174755 0.202887 0.029085 1170248.366544 1266197.157568 95948.791024 120.181096 201.315575 1.907685 203.223260 34232.689182 29486.026962 0.489695 0.569430 1385.524553 3.673767 998.730806 15.499993 5.030053 0.778178 0.243387 4.146241 18.702966 0.220440 0.007889 
MP27 86.160428 0.169996 0.197302 0.029084 1170286.116188 1266233.085132 95946.968943 120.184861 205.575795 1.908833 207.484628 34233.143858 29495.423191 0.479783 0.569410 1357.500777 3.673699 998.731339 16.499864 4.464636 0.778647 0.248406 4.319332 18.700249 0.215978 0.007889 
MP28 86.375219 0.167719 0.194175 0.029052 1170173.672094 1266119.191953 95945.519859 120.172094 210.269457 1.913876 212.183333 34191.065149 29532.607273 0.469775 0.568802 1329.113000 3.669581 998.729197 17.500025 3.943132 0.780704 0.253427 4.505387 18.711186 0.211473 0.007880 
MP29 86.337235 0.171591 0.198745 0.029065 1170232.863261 1266177.927625 95945.064364 120.179152 214.838664 1.915749 216.754414 34208.189688 29534.405126 0.459882 0.569039 1301.162865 3.671216 998.725834 17.500025 4.409098 0.781468 0.258987 4.701279 18.728625 0.207020 0.007884 
MP30 86.066214 0.169662 0.197129 0.029056 1170181.617031 1266123.230745 95941.613714 120.173286 218.998517 1.918208 220.916725 34195.862300 29431.084120 0.449650 0.568874 1272.181413 3.670066 998.727532 17.500025 4.833317 0.782471 0.264804 4.917694 18.719789 0.202414 0.007881 
MP31 85.718785 0.169644 0.197908 0.029074 1170183.774520 1266124.406514 95940.631994 120.174136 223.169697 1.923009 225.092706 34217.509393 29330.833233 0.439803 0.569227 1244.326527 3.672356 998.729431 18.499896 4.258820 0.784429 0.270900 5.140328 18.709977 0.197981 0.007886 
MP32 85.400237 0.166142 0.194546 0.029070 1170139.254704 1266079.138865 95939.884160 120.169432 227.457709 1.930792 229.388500 34211.756386 29216.920904 0.429899 0.569165 1216.281734 3.671883 998.729279 18.499896 4.696109 0.787604 0.277111 5.379907 18.710705 0.193523 0.007885 
MP33 85.052107 0.165856 0.195005 0.029035 1170211.580732 1266150.186046 95938.605315 120.175150 231.786315 1.930758 233.717073 34172.319487 29064.277720 0.419723 0.568468 1187.518756 3.667475 998.729422 19.500058 4.137376 0.787590 0.283482 5.644025 18.710053 0.188942 0.007876 
MP34 85.433934 0.172299 0.201676 0.026044 1171472.326767 1267410.367196 95938.040429 120.170151 208.691861 1.860801 210.552662 30650.211574 26185.681507 0.419765 0.509910 1187.611863 3.289617 998.726846 16.499864 4.782411 0.759054 0.254255 5.649235 18.724852 0.188960 0.007064 
MP35 85.749234 0.176686 0.206049 0.026074 1171391.803988 1267328.763511 95936.959523 120.163194 204.710076 1.868452 206.578528 30684.168106 26311.439141 0.429907 0.510519 1216.272275 3.293452 998.727028 16.499864 4.376351 0.762174 0.248553 5.385762 18.723814 0.193526 0.007073 
MP36 86.137397 0.176680 0.205115 0.026070 1171360.506528 1267297.225437 95936.718909 120.159747 200.929246 1.851566 202.780812 30678.209897 26425.411411 0.439862 0.510442 1244.417991 3.292905 998.727592 16.499864 3.990784 0.755286 0.242891 5.144751 18.720863 0.198007 0.007072 
MP37 86.404580 0.177971 0.205974 0.026051 1171417.333207 1267353.108799 95935.775592 120.164683 196.977463 1.837904 198.815367 30657.709688 26489.665336 0.449717 0.510069 1272.324545 3.290567 998.728272 15.499993 4.587655 0.749713 0.237395 4.921776 18.717413 0.202444 0.007067 
MP38 86.700939 0.177997 0.205300 0.026052 1171295.372130 1267230.054149 95934.682020 120.152447 193.233125 1.824711 195.057836 30655.193536 26578.340772 0.459938 0.510106 1301.175406 3.290637 998.726661 15.499993 4.205809 0.744332 0.232136 4.705453 18.725589 0.207045 0.007067 
MP39 86.782211 0.181745 0.209426 0.026064 1171345.271796 1267280.379955 95935.108159 120.157908 189.391834 1.818538 191.210372 30671.499453 26617.405310 0.469871 0.510342 1329.308107 3.292233 998.728080 14.500121 4.813948 0.741814 0.227334 4.508579 18.718320 0.211516 0.007070 
MP40 86.622137 0.180173 0.207999 0.026045 1171315.017869 1267249.846637 95934.828767 120.154019 184.976781 1.813129 186.789909 30647.757427 26547.742534 0.479740 0.509971 1357.205364 3.289792 998.727913 14.500121 4.363704 0.739607 0.222496 4.325026 18.719147 0.215959 0.007065 
MP41 86.617959 0.181568 0.209619 0.026052 1171345.457456 1267278.731719 95933.274264 120.157573 181.271361 1.808478 183.079839 30656.600682 26554.121770 0.489572 0.510097 1385.041553 3.290648 998.726593 13.499960 4.985988 0.737710 0.218081 4.153040 18.725997 0.220385 0.007067 
MP42 86.463249 0.188138 0.217594 0.026039 1171263.011930 1267194.726324 95931.714394 120.149045 177.077992 1.800019 178.878011 30638.765276 26491.271907 0.499904 0.509856 1414.220850 3.288980 998.722834 13.499960 4.558351 0.734259 0.213473 3.983165 18.745295 0.225036 0.007064 
MP43 86.019595 0.182770 0.212475 0.026077 1171310.553510 1267240.718873 95930.165362 120.155812 172.981335 1.792474 174.773809 30685.870052 26395.861150 0.509786 0.510598 1442.217849 3.293858 998.720531 13.499960 4.140576 0.731182 0.209640 3.830185 18.757218 0.229484 0.007074 
MP44 85.618671 0.187248 0.218700 0.026062 1171387.382309 1267319.569459 95932.187150 120.162644 168.785904 1.787486 170.573389 30670.101052 26259.333002 0.519623 0.510290 1470.089561 3.291968 998.723695 12.500089 4.712600 0.729147 0.205547 3.686557 18.741001 0.233913 0.007070 
MP45 85.770009 0.191086 0.222788 0.023059 1172457.155370 1268387.657637 95930.502267 120.152021 149.406802 1.719609 151.126411 27132.801110 23271.805938 0.519787 0.451497 1470.486695 2.912555 998.722222 10.500056 4.736363 0.701459 0.181808 3.687936 18.749858 0.233986 0.006255 
MP46 86.263933 0.193942 0.224823 0.023046 1172483.322659 1268410.573390 95927.250731 120.154072 153.151670 1.720892 154.872562 27118.442296 23393.434902 0.509860 0.451246 1442.417205 2.910960 998.723447 11.499927 4.118392 0.701982 0.185244 3.832949 18.743562 0.229518 0.006252 
MP47 86.680401 0.195648 0.225712 0.023035 1172450.238286 1268376.907192 95926.668906 120.150808 156.916420 1.718119 158.634539 27104.859054 23494.600428 0.499929 0.451040 1414.300501 2.909594 998.719113 11.499927 4.502319 0.700851 0.188838 3.986769 18.765866 0.225047 0.006249 
MP48 86.879506 0.195290 0.224782 0.023060 1172543.939348 1268468.493000 95924.553652 120.161255 160.806180 1.717865 162.524046 27136.495269 23576.053118 0.489635 0.451508 1385.239474 2.912735 998.719557 11.499927 4.898994 0.700748 0.193008 4.156131 18.763681 0.220413 0.006255 
MP49 86.720580 0.189587 0.218618 0.023073 1172420.320141 1268344.098752 95923.778610 120.148778 163.932249 1.726689 165.658938 27148.737183 23543.542292 0.479731 0.451781 1357.151454 2.914344 998.722328 12.500089 4.217627 0.704347 0.197111 4.329476 18.749252 0.215955 0.006259 
MP50 86.931068 0.192531 0.221475 0.023033 1172376.009014 1268299.315420 95923.306406 120.142774 167.505421 1.727198 169.232619 27100.273447 23558.557189 0.469912 0.451008 1329.339765 2.909287 998.722148 12.500089 4.582017 0.704555 0.200886 4.512359 18.750126 0.211535 0.006248 
MP51 86.900666 0.189403 0.217953 0.023032 1172317.070105 1268224.078462 95907.008357 120.136725 171.060565 1.729213 172.789778 27098.335130 23548.633669 0.460056 0.451010 1301.424713 2.909225 998.722251 12.500089 4.944568 0.705377 0.205191 4.707774 18.749488 0.207098 0.006248 
MP52 86.651507 0.187696 0.216610 0.023024 1172227.682629 1268133.525853 95905.843224 120.127378 174.433160 1.737089 176.170249 27086.341278 23470.722911 0.449753 0.450863 1272.228970 2.908166 998.721458 13.499960 4.288633 0.708589 0.209823 4.925954 18.753466 0.202460 0.006246 
MP53 86.406363 0.187028 0.216452 0.023025 1172287.221901 1268191.101239 95903.879338 120.133724 177.893822 1.741812 179.635634 27089.347712 23406.920217 0.439866 0.450878 1244.294458 2.908340 998.719671 13.499960 4.641549 0.710516 0.214546 5.149884 18.762741 0.198009 0.006247 
MP54 85.850013 0.186895 0.217699 0.023055 1172322.245091 1268224.833986 95902.588895 120.138603 181.055052 1.756636 182.811689 27124.955435 23286.777747 0.429997 0.451444 1216.401144 2.912050 998.717988 13.499960 4.963929 0.716563 0.219746 5.388946 18.771451 0.193567 0.006254 
MP55 85.388782 0.180049 0.210858 0.023059 1172363.950141 1268265.289494 95901.339353 120.142867 184.520896 1.752710 186.273605 27131.450472 23167.214982 0.419831 0.451528 1187.664814 2.912640 998.719401 14.500121 4.317213 0.714961 0.225109 5.653072 18.764219 0.188990 0.006256 
MP56 85.414097 0.188929 0.221191 0.020021 1173603.253608 1269505.655496 95902.401888 120.162107 160.157731 1.646368 161.804099 23560.574869 20124.052206 0.419801 0.392003 1187.674130 2.528873 998.726279 11.499927 4.832866 0.671583 0.195447 5.658921 18.730213 0.188977 0.005431 
MP57 85.906038 0.205425 0.239128 0.020034 1173563.942143 1269464.676951 95900.734809 120.159162 157.371079 1.638836 159.009915 23575.098605 20252.433060 0.429908 0.392262 1216.254284 2.530508 998.720885 11.499927 4.548684 0.668510 0.190978 5.395941 18.757987 0.193527 0.005435 
MP58 86.133791 0.204318 0.237210 0.020036 1173513.123494 1269410.148300 95897.024805 120.153951 154.239403 1.612977 155.852380 23577.124997 20307.871509 0.439828 0.392321 1244.292119 2.530833 998.721768 11.499927 4.229318 0.657962 0.186698 5.155278 18.753368 0.197992 0.005435 
MP59 86.570224 0.203121 0.234632 0.020038 1173582.437037 1269474.895588 95892.458551 120.161001 151.629267 1.591394 153.220661 23580.360617 20413.571094 0.449698 0.392340 1272.251689 2.531030 998.722414 10.500056 4.963009 0.649158 0.182610 4.931467 18.750107 0.202435 0.005436 
MP60 86.767067 0.206346 0.237816 0.020027 1173545.524241 1269438.130149 95892.605908 120.156805 148.462208 1.578782 150.040990 23566.687352 20448.123494 0.460013 0.392132 1301.412340 2.529649 998.723009 10.500056 4.640034 0.644013 0.178420 4.712793 18.746997 0.207079 0.005433 
MP61 86.946028 0.205620 0.236491 0.020017 1173533.085069 1269424.899676 95891.814607 120.155393 145.582829 1.547080 147.129909 23555.064601 20480.193070 0.469853 0.391946 1329.243248 2.528435 998.721577 9.499895 5.346558 0.631081 0.174601 4.517471 18.754365 0.211508 0.005430 
MP62 86.793480 0.205924 0.237257 0.020033 1173512.952773 1269406.276526 95893.323753 120.154103 142.411070 1.537706 143.948775 23573.104755 20459.917935 0.479764 0.392254 1357.273266 2.530404 998.719427 9.499895 5.023103 0.627257 0.171128 4.332745 18.765423 0.215970 0.005434 
MP63 86.764618 0.211742 0.244042 0.020049 1173584.073084 1269478.075536 95894.002453 120.161580 139.536103 1.584528 141.120631 23593.029417 20470.401778 0.489614 0.392548 1385.183277 2.532379 998.721891 9.499895 4.729916 0.646357 0.167811 4.160146 18.752808 0.220404 0.005439 
MP64 86.468908 0.213373 0.246762 0.020043 1173492.628417 1269387.892661 95895.264244 120.151868 136.157814 1.549817 137.707631 23584.451159 20393.217269 0.499877 0.392452 1414.161864 2.531659 998.723458 9.499895 4.385400 0.632198 0.164326 3.991078 18.744622 0.225024 0.005437 
MP65 86.094856 0.205523 0.238717 0.020038 1173496.219963 1269389.577077 95893.357114 120.152304 132.905942 1.514311 134.420252 23578.686603 20300.036292 0.509761 0.392355 1442.126940 2.531036 998.721539 8.500023 5.053648 0.617714 0.161099 3.837812 18.754519 0.229473 0.005436 
MP66 85.698622 0.213708 0.249372 0.020034 1173607.325309 1269499.824719 95892.499410 120.163746 129.691426 1.527907 131.219334 23576.099158 20204.392154 0.519711 0.392256 1470.345318 2.530522 998.719629 8.500023 4.725834 0.623260 0.157976 3.692274 18.764492 0.233952 0.005434 
MP67 85.006914 0.235169 0.276647 0.017051 1173999.128287 1269888.610720 95889.482433 120.113659 109.222495 1.516957 110.739452 20056.853683 17049.712382 0.519780 0.333912 1470.232676 2.153683 998.720358 6.499991 4.638456 0.618793 0.134461 3.694070 18.761191 0.233983 0.004626 
MP68 85.526186 0.234074 0.273686 0.017045 1173952.909795 1269840.941007 95888.031212 120.109672 112.008598 1.523106 113.531704 20049.159740 17147.281589 0.509906 0.333803 1442.279743 2.152944 998.712901 6.499991 4.922581 0.621302 0.137020 3.838525 18.799520 0.229538 0.004625 
MP69 85.874704 0.233016 0.271344 0.017034 1173939.943304 1269826.925641 95886.982337 120.107759 114.651103 1.524846 116.175949 20036.014069 17205.867719 0.500007 0.333591 1414.268064 2.151562 998.715284 7.499862 4.192191 0.622012 0.139644 3.992033 18.787243 0.225082 0.004622 
MP70 86.258122 0.226357 0.262418 0.017015 1174046.108948 1269930.555589 95884.446642 120.118396 117.461152 1.547563 119.008716 20016.122863 17265.531724 0.489776 0.333217 1385.391667 2.149241 998.712740 7.499862 4.478758 0.631279 0.142401 4.160570 18.800449 0.220477 0.004617 
MP71 86.479907 0.226548 0.261966 0.017007 1173885.697227 1269769.591243 95883.894016 120.101706 120.128948 1.545833 121.674782 20003.605595 17299.099503 0.480009 0.333078 1357.670255 2.148194 998.713412 7.499862 4.750819 0.630573 0.145237 4.331613 18.796806 0.216080 0.004615 
MP72 86.462509 0.223174 0.258117 0.017033 1174000.650295 1269884.760549 95884.110254 120.113934 122.904765 1.541306 124.446071 20035.756529 17323.417866 0.469955 0.333561 1329.302357 2.151424 998.715227 7.499862 5.033895 0.628726 0.148560 4.518897 18.787602 0.211554 0.004621 
MP73 86.303278 0.225500 0.261288 0.017035 1173976.611610 1269859.402777 95882.791166 120.111535 125.364471 1.537418 126.901889 20037.544533 17293.057852 0.460058 0.333601 1301.292986 2.151659 998.715191 8.500023 4.284573 0.627140 0.151774 4.715426 18.787754 0.207099 0.004622 
MP74 86.057637 0.222056 0.258032 0.017037 1173879.888077 1269760.995328 95881.107251 120.101394 127.879862 1.560727 129.440590 20038.571267 17244.720974 0.449793 0.333660 1272.204920 2.151945 998.717924 8.500023 4.541091 0.636648 0.155265 4.933101 18.773569 0.202478 0.004623 
MP75 85.896990 0.213615 0.248687 0.017012 1173931.360514 1269812.708226 95881.347712 120.105732 130.354496 1.565753 131.920250 20009.891944 17187.894825 0.439876 0.333163 1244.178248 2.148783 998.719796 8.500023 4.793453 0.638699 0.158529 5.158070 18.763987 0.198014 0.004616 
MP76 85.424605 0.223977 0.262193 0.017027 1173853.099790 1269734.404826 95881.305036 120.098288 132.753195 1.553749 134.306944 20026.696601 17107.726449 0.430057 0.333475 1216.368634 2.150723 998.718777 9.499895 4.038199 0.633802 0.162300 5.396268 18.769146 0.193594 0.004620 
MP77 84.887713 0.206399 0.243144 0.017029 1173995.692523 1269879.511738 95883.819215 120.112961 135.246315 1.549619 136.795934 20031.758104 17004.501265 0.419659 0.333498 1187.031088 2.151005 998.718349 9.499895 4.292446 0.632117 0.166333 5.666993 18.771522 0.188913 0.004620 
MP78 84.117998 0.233426 0.277498 0.014002 1175537.873969 1271422.073158 95884.199189 120.193898 110.067224 1.436122 111.503345 16482.172731 13864.473701 0.419638 0.274125 1187.372189 1.768658 998.719340 6.499991 4.724601 0.585819 0.136728 5.671172 18.768243 0.188904 0.003798 
MP79 84.441495 0.253523 0.300235 0.014007 1175518.948007 1271399.799537 95880.851530 120.192207 107.866019 1.445923 109.311943 16487.208892 13922.045600 0.429832 0.274215 1216.205102 1.769225 998.718184 6.499991 4.500123 0.589818 0.133529 5.405382 18.774166 0.193492 0.003799 
MP80 84.859653 0.250416 0.295094 0.014015 1175470.288202 1271351.995702 95881.707500 120.187521 105.988756 1.429617 107.418374 16496.203993 13998.621417 0.439823 0.274381 1244.451794 1.770261 998.717383 5.500119 5.308553 0.583166 0.130574 5.162574 18.778233 0.197990 0.003801 
MP81 85.102671 0.261284 0.307022 0.014000 1175444.616004 1271323.241702 95878.625698 120.184493 103.846118 1.415100 105.261218 16477.939324 14023.166480 0.449629 0.274087 1272.181514 1.768344 998.717893 5.500119 5.090048 0.577244 0.127590 4.939859 18.775571 0.202404 0.003797 
MP82 85.291261 0.255437 0.299488 0.013998 1175491.848153 1271371.061684 95879.213531 120.188616 101.701501 1.419103 103.120604 16476.447386 14052.969799 0.459930 0.274047 1301.349798 1.768114 998.723367 5.500119 4.871341 0.578877 0.124714 4.721062 18.747420 0.207041 0.003797 
MP83 85.245462 0.250475 0.293828 0.013999 1175536.421320 1271411.173765 95874.752445 120.193883 99.522644 1.401693 100.924337 16477.758378 14046.541181 0.469714 0.274052 1329.060876 1.768188 998.717527 5.500119 4.649143 0.571775 0.122119 4.526443 18.777552 0.211445 0.003797 
MP84 85.121781 0.252801 0.296987 0.014006 1175556.758481 1271429.493233 95872.734752 120.196506 97.336321 1.392344 98.728665 16486.513852 14033.614172 0.479713 0.274190 1357.368139 1.769094 998.714340 5.500119 4.426183 0.567962 0.119633 4.339707 18.793975 0.215947 0.003799 
MP85 85.010413 0.266423 0.313400 0.013993 1175548.892836 1271421.625672 95872.732836 120.196029 95.138952 1.390509 96.529461 16471.131804 14002.177104 0.489544 0.273937 1385.182733 1.767460 998.709173 4.499958 5.202257 0.567213 0.117123 4.167167 18.820525 0.220372 0.003795 
MP86 84.526508 0.266294 0.315042 0.014010 1175513.299270 1271385.152590 95871.853320 120.193203 92.745197 1.372086 94.117283 16490.572121 13938.904744 0.499828 0.274271 1414.264533 1.769594 998.705645 4.499958 4.958143 0.559698 0.114853 3.997441 18.838594 0.225001 0.003800 
MP87 84.171617 0.262644 0.312034 0.013993 1175547.181023 1271419.539880 95872.358857 120.196802 90.426994 1.360109 91.787103 16471.417529 13864.258461 0.509764 0.273941 1442.402167 1.767493 998.701340 4.499958 4.721734 0.554812 0.112479 3.843130 18.860712 0.229475 0.003795 
MP88 83.697612 0.266152 0.317992 0.014009 1175354.424003 1271228.000627 95873.576624 120.177053 88.237763 1.390642 89.628405 16487.568124 13799.700740 0.519654 0.274277 1470.264201 1.769510 998.704917 4.499958 4.498478 0.567267 0.110473 3.698233 18.842147 0.233926 0.003800 
MP89 81.510003 0.324079 0.397594 0.011008 1175480.479027 1271351.007735 95870.528708 120.127368 67.143884 1.421784 68.565668 12950.816846 10556.211162 0.519734 0.215573 1470.187552 1.390490 998.717278 1.500054 5.347240 0.579971 0.086815 3.698969 18.778760 0.233963 0.002987 
MP90 82.141428 0.322741 0.392909 0.010995 1175499.071793 1271370.422211 95871.350418 120.129311 68.914876 1.428373 70.343249 12934.707934 10624.753783 0.509886 0.215300 1442.340614 1.388741 998.714850 2.499925 4.527974 0.582658 0.088380 3.843249 18.791280 0.229529 0.002983 
MP91 82.597771 0.318896 0.386083 0.010993 1175306.519639 1271176.659078 95870.139439 120.109710 70.685082 1.437997 72.123079 12930.240202 10680.090190 0.499934 0.215278 1414.073703 1.388489 998.714046 2.499925 4.708499 0.586584 0.090130 3.997783 18.795184 0.225049 0.002983 
MP92 82.999805 0.309061 0.372363 0.010989 1175418.661970 1271286.979921 95868.317951 120.121195 72.517286 1.444444 73.961731 12926.833606 10729.246632 0.489726 0.215191 1385.267180 1.387992 998.713178 2.499925 4.895346 0.589214 0.091971 4.166180 18.799775 0.220454 0.002981 
MP93 83.069984 0.308107 0.370901 0.011014 1175585.857907 1271453.367365 95867.509459 120.138844 74.291403 1.443672 75.735075 12958.711710 10764.799765 0.479809 0.215674 1357.313849 1.391212 998.712175 2.499925 5.076269 0.588899 0.094083 4.340171 18.805130 0.215990 0.002988 
MP94 83.272650 0.308732 0.370749 0.011006 1175493.916013 1271363.867300 95869.951287 120.129542 76.001716 1.449650 77.451366 12947.982252 10782.127965 0.469950 0.215521 1329.372785 1.390170 998.710235 2.499925 5.250686 0.591338 0.095989 4.524188 18.814996 0.211552 0.002986 
MP95 83.337761 0.307005 0.368387 0.010995 1175433.139272 1271306.663221 95873.523948 120.122495 77.664025 1.447560 79.111585 12934.765055 10779.543583 0.459991 0.215319 1301.162892 1.388825 998.715643 3.500087 4.420045 0.590485 0.097975 4.722219 18.787124 0.207069 0.002983 
MP96 83.271462 0.309521 0.371701 0.011000 1175435.572866 1271307.992143 95872.419277 120.123390 79.430079 1.446659 80.876738 12940.700807 10775.910702 0.449798 0.215416 1272.335777 1.389459 998.711014 3.500087 4.600146 0.590118 0.100240 4.938657 18.810931 0.202480 0.002984 
MP97 83.233714 0.289502 0.347818 0.010993 1175448.301447 1271318.513605 95870.212158 120.124473 81.167400 1.442821 82.610222 12932.826365 10764.471685 0.439890 0.215282 1244.314936 1.388599 998.711798 3.500087 4.777317 0.588552 0.102434 5.163642 18.806912 0.198020 0.002983 
MP98 82.841037 0.297285 0.358862 0.011005 1175377.795658 1271248.565383 95870.769725 120.117020 82.754663 1.444390 84.199052 12945.314267 10724.032580 0.429981 0.215509 1216.248458 1.390021 998.715585 3.500087 4.939186 0.589192 0.104906 5.404362 18.787354 0.193560 0.002986 
MP99 82.485161 0.280442 0.339991 0.010992 1175598.888461 1271466.882897 95867.994437 120.139628 84.381287 1.407994 85.789281 12933.042612 10667.840992 0.419760 0.215245 1187.448784 1.388445 998.713463 3.500087 5.105068 0.574346 0.107328 5.670768 18.798524 0.188959 0.002982 
